# f0	f1	g0\g1
2.129941657538962918e+00 1.384914374321161434e-01 1.120388871595102698e+00 9.957841465660347002e-02 4.098354047064673433e-01 1.503551973323056512e-01 1.248268556719330125e+00 1.121312167825049139e-01
2.101180242530979125e+00 -8.098135441361521691e-02 1.184409678890942397e+00 4.512162854893536634e-01 3.944325942095903148e-01 7.851751885727786817e-02 1.267558003237563735e+00 1.652827536851817214e-01
2.277241945289417036e+00 8.858961604746236063e-01 1.034093493682264109e+00 -1.009356742265249962e-01 4.287790552952838175e-01 2.635151682928291716e-01 1.248987635616875869e+00 1.967710520112811168e-01
2.356869272446260322e+00 -2.230044278940430686e-03 1.093494885602327216e+00 9.911364285960438947e-02 3.992437104722265095e-01 1.598330575475360171e-01 1.279824538933010736e+00 7.016990348698341762e-02
2.133715211955065527e+00 3.133341640153142205e-01 1.125836488769591082e+00 1.922789501331336470e-01 4.076889811688053644e-01 1.431167953962445560e-01 1.243331628075100781e+00 1.759685132158290422e-01
2.101227386151221843e+00 9.995257527460170432e-02 1.187173444577551473e+00 3.262358000739918329e-01 3.904727374454814992e-01 1.064423328153337733e-01 1.264151398596917053e+00 2.181285677105434528e-01
2.067562904942742197e+00 1.857845352182698195e-01 1.109751694516890819e+00 1.250313364626318424e-01 4.111877229097002928e-01 1.434389146228717826e-01 1.226433269271597570e+00 1.167144476495970279e-01
1.961162164970998711e+00 2.246963796238085898e-01 1.033994756983121599e+00 4.147124150369995571e-02 4.149424309956286083e-01 1.499766866416938349e-01 1.199522570424431667e+00 4.442447184561103268e-02
2.151171071538587221e+00 1.823280874380454886e-01 1.095672052709319777e+00 9.176631458931541752e-02 4.071722826727146027e-01 1.561647279046390058e-01 1.252433758533823438e+00 1.255001167159332798e-01
2.216920669720932047e+00 1.543512049505988970e-01 1.035942140369815467e+00 -5.800432977204458135e-02 4.101369063731544196e-01 1.918183214001883130e-01 1.240086477568209666e+00 3.149758018453144987e-02
1.691986074451187871e+00 -8.898347363843250868e-02 1.447424784377443485e+00 4.618479507873350931e-01 3.250653007029685737e-01 8.305039349876179589e-02 1.188870311823136960e+00 5.137644912584370116e-02
2.128206772786976675e+00 2.701867966739771587e-01 1.122060149867581069e+00 1.924526864917376068e-01 4.098995095673512168e-01 1.517707288531543186e-01 1.245559302141229674e+00 1.700222865671395800e-01
1.618334622185187088e+00 1.118781445290271542e-01 1.909230948173300968e+00 -1.975933953942074772e-01 2.736513805498713148e-01 1.696194609166635225e-01 1.183298496636256303e+00 8.488765124890965130e-02
2.124376698250037165e+00 2.226857783871160346e-01 1.113288105562338925e+00 1.701794140648669740e-01 4.078715484187445117e-01 1.486469580200396601e-01 1.249678756021446180e+00 1.721624363494212717e-01
2.075250671968806415e+00 2.047732609251078084e-01 1.155439472964657099e+00 2.204294949517787705e-01 4.093009106421178767e-01 1.299855576692390824e-01 1.258780617514748901e+00 2.104359439178365432e-01
1.868814263604945625e+00 -1.572143995808271411e-01 1.192668691148668580e+00 4.963018762310418830e-01 3.755989714470454044e-01 5.557153061977242181e-02 1.200024473345836951e+00 7.142665445656401491e-02
1.991333144535940125e+00 -5.442641437618906536e-02 1.053937143611097360e+00 3.189598092347727398e-01 4.073149121624742297e-01 8.052147650733187945e-02 1.209350784287829939e+00 6.522996237511213824e-02
2.125964451366324948e+00 -5.057200965658421171e-02 1.125724420547772109e+00 3.857211108312401660e-01 3.997284258117239641e-01 8.532776007670604679e-02 1.254726981576784306e+00 1.497173755311778931e-01
2.049809026657767763e+00 3.246953944699458305e-01 9.899573815812676703e-01 1.042447076330655330e-02 4.116730549564248665e-01 1.715011365165702850e-01 1.202988897308197691e+00 4.217068308464724108e-02
2.058181905296432301e+00 -1.481172172432905776e-01 1.036726445375575567e+00 5.018488870427200155e-01 4.138155087419192468e-01 4.639088697352955482e-02 1.216822276744708553e+00 8.504324820203131019e-02
2.120878203496456393e+00 -1.119402190147734538e-01 1.159860454850101918e+00 3.791618030933326389e-01 3.925346360501040799e-01 8.518712191636083897e-02 1.255480506087341519e+00 1.214464054209462851e-01
2.260379128843504226e+00 -7.133583264824382673e-03 1.086405261395224420e+00 8.346774555696649667e-02 4.054947380519828282e-01 1.659945294104859526e-01 1.268983681966131538e+00 6.131632717770532648e-02
2.305832488639352196e+00 6.696207738433562762e-01 1.120488432562321224e+00 6.302209010256801247e-02 4.195829323804349809e-01 2.158017598356799516e-01 1.296676890364893087e+00 3.197661741411075287e-01
2.150052759428659588e+00 -2.614139910749452289e-01 1.037306852997205819e+00 -7.755907262600833518e-02 4.104930460208246479e-01 1.681407834810471624e-01 1.210946724139657871e+00 -9.071272558720140655e-02
2.203362422530284359e+00 2.818319555219224171e-01 1.064855588103063910e+00 -2.852359318302551822e-02 4.027085762923440782e-01 1.915086743411865133e-01 1.246816138155971254e+00 6.186323663608807311e-02
2.133392175017165382e+00 3.114686288167600736e-01 1.076790871402290017e+00 1.543179596351234584e-01 4.104013767430875759e-01 1.500201204477483452e-01 1.238027094757753854e+00 1.624298024321353395e-01
2.049259898671119018e+00 2.409577275113661265e-01 1.114199435152952722e+00 2.102566796628422829e-01 4.074069071701110212e-01 1.388656175566820306e-01 1.232080891993044602e+00 1.885117550472422965e-01
2.093489249017181919e+00 2.789070573113785478e-01 9.964118890825144348e-01 9.112480701816468714e-03 4.126657910693826703e-01 1.776706042772496219e-01 1.205500061794233746e+00 4.799082376937808397e-02
2.056111925011276487e+00 2.762511416936593855e-01 1.109682962505256887e+00 2.153633127795147317e-01 4.079903592362070786e-01 1.251713056601181373e-01 1.251501312355895568e+00 1.900189665736267131e-01
2.224583969914530446e+00 5.106365752298602789e-01 1.066073434348619342e+00 1.023830533285266381e-01 4.199476932132984452e-01 1.813265443995197290e-01 1.264303307634469187e+00 2.385638208555061202e-01
2.008931765976968986e+00 -1.764414288461062796e-01 1.153309526062523016e+00 4.009501193301034938e-01 3.864449455615230899e-01 7.260067524832340691e-02 1.236094878246147166e+00 7.338463239857613563e-02
2.008597633016452555e+00 6.386262415823419636e-02 1.102224813326251773e+00 3.883667979634011225e-01 4.092288284297229128e-01 7.208207203169683663e-02 1.234264749368153780e+00 1.672465109599834410e-01
2.045670929902841273e+00 -3.270936404909841055e-01 1.043784103999560564e+00 4.380357407716804485e-01 4.016880321885449856e-01 5.085564941869468586e-02 1.207917216475252520e+00 -8.459388844563217949e-03
2.107737271147315017e+00 2.244069449652374426e-01 1.084242185430718708e+00 9.925529864410577441e-02 4.103951116452302372e-01 1.584349653675435066e-01 1.238326599577954878e+00 1.036727637649048628e-01
2.157666739346542073e+00 3.043312275804355149e-01 1.134108021037033787e+00 1.991688183854909977e-01 4.059813770698773583e-01 1.415426292776363337e-01 1.268229137518323002e+00 2.129260453676457554e-01
2.108338781754857560e+00 2.159526489648322389e-01 1.106851701076797756e+00 1.218115096358528548e-01 4.096791763410040921e-01 1.507976033503878877e-01 1.229593634630120835e+00 1.085477100126573946e-01
2.043661925036616367e+00 2.241974266641134084e-01 1.107698994962170502e+00 1.750225027618638740e-01 4.121454043514117260e-01 1.340834579567529161e-01 1.240303733048903068e+00 1.529793011632354094e-01
3.573322712172460669e+00 -7.504309981003750574e-01 8.001560717058298078e-01 3.593585817878227062e-01 5.968720691546415269e-01 -3.692932653576855295e-03 1.389704009500080994e+00 1.418161262664573152e-01
2.083216001654014438e+00 2.908447948495788138e-01 1.025328298407238048e+00 4.021694236260300176e-02 4.099277313562324498e-01 1.726078718236276344e-01 1.217764331479050943e+00 6.812188889410460135e-02
