# d0	d1	e0	e1	f0	f1	g0	g1
1.662151037819124821e-02 3.302664309051946828e-02 8.050346979893893348e-03 1.868131283915820326e-02 7.094577380438705193e-04 1.440684457419755954e-03 2.019922556069442341e-04 8.454184753957701831e-04
1.727773053922713326e-02 3.043323686131418904e-02 6.639889933974056462e-03 1.948139845248879690e-02 5.859380099846132200e-04 1.490396540462385951e-03 2.814799289147964351e-04 8.622154317696577308e-04
1.411196746400580904e-02 1.292022158518776886e-01 3.311948908801334423e-03 1.714988813210134924e-02 4.876969177539589029e-04 3.147249168792501644e-03 2.057061480158309274e-04 3.034794262677049763e-03
1.313349786118363227e-01 1.673255958089349127e-01 9.040491965993600540e-03 2.354842836708792922e-02 3.539952578162705501e-03 6.657505035455572699e-03 1.287493286725569517e-03 1.747866975243281360e-03
1.484136849699125779e-02 6.096652012492227019e-02 1.177575329704630067e-02 7.139540841962614681e-02 8.207048092202649152e-04 4.510130713879089738e-03 1.784104175680607167e-04 8.370247892594993508e-04
1.410365267764933893e-02 2.375508996394756073e-02 5.317406675027075251e-03 1.432353157935156718e-02 4.452610305711484956e-04 1.062691498423507701e-03 2.526219739311010969e-04 8.180709375466005276e-04
1.773666691523344274e-02 3.711060300382167110e-02 1.126661826508181669e-02 4.171836007977592492e-02 9.481751830471345189e-04 2.899798057696450788e-03 1.772542738854800853e-04 6.949928647520673330e-04
2.295106810612906542e-02 4.591801435235888518e-02 1.161627613671699540e-02 3.282397985448563815e-02 8.664225474993784547e-04 1.963542972013150069e-03 2.272203996075871290e-04 7.530177844525780132e-04
3.230335526421916625e-02 7.156487488914341222e-02 3.201638947576600659e-03 1.251478006024886458e-02 6.341151868640599069e-04 1.942919326680006380e-03 5.223313944392402866e-04 1.347560698756996309e-03
6.827714014949146093e-02 1.892110380913188394e-01 5.451776151025006061e-03 2.228221868600838845e-02 1.490136338373826332e-03 4.961227473198735749e-03 6.959713156605239594e-04 2.107874230051182563e-03
6.686497516607634722e-03 1.631286855738674907e-02 3.485320359674069779e-02 8.990880674733149613e-02 5.807434168665830208e-04 1.508626000021407246e-03 9.981079700473639990e-05 5.282008801824411917e-04
2.883022889622428170e-02 1.906625466951543113e-01 8.064700606472723771e-03 5.925658121127443112e-02 1.020637406479692590e-03 7.371322704312234866e-03 3.100633264110281596e-04 2.497570944316550908e-03
2.537520468652886604e-03 1.233174880526929917e-02 3.976138484536934775e-02 1.648259936623245603e-01 3.904881268144800655e-04 1.894668059150776251e-03 5.245175370997215701e-05 5.159934133091346022e-04
1.913469494191870346e-02 4.534218885951273731e-02 8.645617222247322514e-03 2.646987717993330366e-02 6.744164382048224195e-04 1.952557994468579698e-03 2.812366590004266318e-04 1.101388995756936561e-03
3.690114559105583947e-02 5.622791740990281534e-02 6.878848672713619959e-03 1.670923836277591820e-02 8.953887563722864179e-04 1.914541367006737356e-03 5.873734955626684585e-04 1.197305881000752890e-03
1.091472013267463272e-02 1.234590561227263787e-02 3.192752922608016464e-02 5.286653907523952006e-02 7.713401447513834304e-04 1.175090363670808907e-03 1.324287837013249185e-04 6.014221590622580507e-04
2.368674509799088834e-02 2.616685014064443898e-02 6.849937438245595582e-03 1.522132725078578601e-02 6.625626138167564324e-04 1.108457811536746633e-03 2.824784151365356769e-04 6.437048833006206233e-04
1.545331553325837368e-02 3.075846757696224995e-02 9.569846967131779084e-03 2.198517264436734148e-02 6.207419155695949233e-04 1.407705696431320146e-03 2.221397644198978187e-04 8.468647648764064759e-04
1.036366941287673038e-01 1.160877549488578131e-01 1.021288235539814099e-02 2.337111343050794418e-02 2.102451217294611097e-03 3.606487311640250298e-03 8.895664580779985477e-04 1.057745105637585611e-03
2.393728564707216580e-02 2.632233284559652026e-02 6.371358563030236725e-03 1.591825858717009837e-02 6.862311433961134884e-04 1.190680720097773244e-03 2.715086397736118039e-04 6.602468201862564433e-04
1.251872099988009246e-02 3.102728537097937042e-02 1.324161723106319355e-02 3.572814919562614794e-02 6.634354684316150913e-04 1.765454423213291086e-03 1.789350900616793806e-04 8.587281294365983839e-04
4.989559119324527003e-02 7.722615821837301719e-02 6.124103938844607624e-03 1.492789468928419280e-02 1.268428009504172452e-03 2.666122834969014439e-03 5.844617500338628036e-04 1.037375546017710749e-03
1.147392639450327961e-02 5.598052984490666656e-02 2.350877394299088086e-03 9.419935667115977851e-03 3.269892084586254930e-04 1.393250550919035175e-03 2.313231471987214948e-04 1.818128735567774027e-03
1.000198209737764993e-01 1.362338260209796648e-01 1.546024573156765634e-02 3.768312198787327622e-02 3.318030825565713472e-03 5.834579495562378787e-03 6.745467975158100536e-04 1.437692663238409252e-03
1.644551761033303389e-02 1.150272703044481759e-01 1.415502935136478749e-02 5.241253185005226994e-02 9.827423329838709358e-04 4.555979073377809836e-03 1.839900258117272997e-04 2.295531974037847301e-03
5.917081564882122752e-02 8.893457256376013920e-02 7.315067177570274207e-03 2.113848188428704353e-02 1.505878314820437072e-03 3.507638660498256771e-03 6.251965367284620856e-04 9.679583502055914054e-04
1.334168444126652107e-02 4.629361879397486668e-02 1.707415411871034475e-02 5.199961112058368307e-02 6.965889826869779526e-04 2.190576844263930536e-03 1.909691891496318914e-04 1.480325600775907972e-03
1.161032963040485172e-01 1.473498704167829354e-01 1.088899630051428334e-02 3.554198549739469998e-02 2.334855200876910421e-03 4.958613892564707644e-03 1.089211541404253112e-03 1.145761302929850607e-03
1.400047259126674035e-02 3.886484669095446182e-02 6.799747620781221649e-03 2.213088108894391975e-02 4.465615140371718733e-04 1.457823322784593560e-03 2.406912702233362643e-04 1.058617714078806480e-03
2.036624147158010156e-02 9.186687689498730658e-02 2.454162604720044188e-03 1.326194467507484792e-02 4.185851921818566556e-04 2.125378075486533073e-03 3.399078832123264863e-04 1.828723794782264288e-03
1.558900974556303408e-02 1.892965692071749487e-02 3.211080561784509374e-02 4.512651677373308995e-02 9.653549692425942522e-04 1.340646543496563535e-03 1.985699738914549776e-04 6.486956705490436138e-04
1.551643158473528690e-02 2.397220860867247880e-02 1.148986043476591876e-02 2.180077610347068776e-02 5.735717272139633513e-04 1.113772120273602128e-03 2.442314526509472422e-04 8.536864898427673530e-04
2.715118745326810384e-02 4.056135499255709292e-02 1.346561686492447028e-02 4.815888832249479862e-02 1.114167741753256582e-03 2.663099367900490389e-03 2.589094022240498406e-04 7.163009584188245651e-04
1.297685846800232350e-02 4.831161654568259106e-02 5.986304087713219084e-03 2.903293070489375294e-02 5.343180449954429076e-04 2.356872787987398295e-03 1.526081047070385716e-04 7.766846969468057475e-04
1.357738972002410331e-02 5.497115292777662171e-02 6.196542594409434196e-03 2.573562072647175847e-02 5.363150515047457713e-04 2.314947478642543494e-03 2.045185713188309715e-04 1.221423763714806366e-03
2.481939961045217038e-02 1.426300515121688428e-01 1.426774552005274921e-02 1.142460180249057072e-01 1.397032352012317173e-03 9.622381527187374647e-03 2.084310406216897927e-04 1.460138460012147012e-03
1.350610727686840998e-02 2.854666154120079000e-02 9.030487575981660173e-03 2.216978352985667783e-02 5.368202213274289591e-04 1.331463250942140943e-03 1.956652358574065265e-04 8.506510278595937665e-04
2.764295384670248032e-02 4.351296632022452066e-02 1.499689899614375845e-04 1.239219104324422319e-03 3.457303147205484351e-04 8.191187923620004210e-04 4.661891562247675431e-04 1.090830813587444475e-03
5.240684435626145887e-02 1.179048637396476334e-01 8.598919462522065793e-03 3.389275861846186705e-02 1.318467631682360532e-03 3.876707045888744263e-03 5.099003409894642923e-04 1.202339387019465706e-03
