1.718275861047055386e+01 9.527150027968477985e+00 1.354309538752882425e+01 1.538962913537595156e+01 1.026840079310921361e+01 2.746401893321672816e+01 1.340014250274865937e+01 5.295173105034951533e+00 5.079409896420576942e+00 8.473301018548410113e+00
1.104346492459501050e+01 1.667751140853096459e+01 9.462422428837365729e+00 5.768769370385968820e+00 1.454459098751558166e+01 9.360186418573823275e+00 4.931509912294698594e+00 1.001215741294364925e+01 1.125045909855111326e+01 2.064667367680968368e+01
7.279552915112701861e+00 2.932156637782916686e+00 9.139397894643128240e+00 5.476289266999189387e+00 1.017368608360153459e+01 9.593073558841625825e+00 1.022474036293098898e+01 7.359018995868060742e+00 6.785283440135806643e+00 5.106194978121332717e+00
1.069579858086370727e+01 6.472154101105364710e+00 1.202315634701957414e+01 1.620638194366556206e+01 2.331880190997388169e+01 1.145520261721962463e+01 8.336981203772641180e+00 4.672397586448097329e+00 7.573510024805034213e+00 9.467275450048743934e+00
3.305812655489056340e+00 1.363885925335512717e+01 1.639267641127620578e+01 5.454326250332876214e+00 3.632973240267836523e+00 3.771205760231802540e+00 2.695803976166304849e+00 9.681477058836330585e+00 8.804341017920952694e+00 8.592245795126993713e+00
7.725285039052527836e+00 4.260164022904161740e+00 7.603871855319530582e+00 1.546661685180315615e+01 3.230264931525451022e+00 5.128812213777520945e+00 8.045540196148357026e+00 6.695298447359357752e+00 1.143803132025749214e+01 1.191448629011513383e+01
5.533026842026392167e+00 1.196199105058492762e+01 1.803103141752227145e+01 1.744071187417121394e+01 1.284243726515039441e+01 1.361912748550282437e+01 1.018532160103834450e+01 1.177847540811213278e+01 1.498780803536566886e+01 1.317867145506762583e+01
2.081403593876487079e+01 1.324646086522372457e+01 2.032852535401984539e+01 1.612589094482431307e+01 8.085934730849935193e+00 6.000155782770947077e+00 7.540008415442455814e+00 1.066154844406112012e+01 1.224678179033899106e+01 1.197884785038662869e+01
4.206759000433494045e+00 2.007975621631809560e+01 1.326392603610107734e+01 1.165323889476776387e+01 7.416119889031269174e+00 7.252697690201831193e+00 1.047194295506967876e+01 7.702107228907135728e+00 1.209952685609965073e+01 1.228896757961673991e+01
4.238157174441605335e+00 8.233540322294510716e+00 2.963558260665981159e+00 6.706309848890664504e+00 1.346774512911565402e+01 1.205561812206453887e+01 1.558669147906450192e+01 1.819837138763072915e+01 5.487685892594925008e+00 9.914703488144997579e+00
1.255043741720290029e+01 6.590507819236851361e+00 6.863847563631397364e+00 1.758246040221674633e+01 1.403258115672801765e+01 8.328181046976677493e+00 6.453163411325000709e+00 5.408900805045991689e+00 5.712502650752131927e+00 6.350300142968697159e+00
4.857410368818523949e+00 2.406271730586849955e+01 4.179938695910326629e+00 6.819009614565169741e+00 9.699942106629624305e+00 4.825840669357965851e+00 3.534162890251367095e+00 1.317570490144464657e+01 4.930471567104346420e+00 1.793455748244153369e+01
1.574262458711188639e+00 9.565635630033710868e+00 6.426079106946755992e+00 1.044682330395224845e+01 5.281077765001222168e+00 4.994459852073316775e+00 5.955120514792194619e+00 7.730507539334166012e+00 3.097302457531839526e+00 4.111453361848417920e+00
1.094367201469416884e+01 1.316993284028827560e+01 7.904556482522279381e+00 6.789198289619607252e+00 1.414432229486226511e+01 1.382834488271987716e+01 1.600651506629006349e+01 9.894867908221858244e+00 6.166934119273704162e+00 1.679224959660341909e+01
6.201296974692972697e+00 1.839490963229741993e+01 1.476016167718206873e+01 1.543441386956667927e+01 5.751638819688460913e+00 5.063737153806155078e+00 1.151804497978353226e+01 1.181094740818591049e+01 9.087483926719311711e+00 1.667916022287651501e+01
3.115312852298612878e+00 1.271565684794896178e+01 3.577760187081622689e+00 7.658270929504287672e+00 8.639067781000591140e+00 1.452857127122179293e+01 4.791575331116396441e+00 6.188744923343984183e+00 8.662642001342916842e+00 6.873419366499327054e+00
1.105138500322480510e+01 8.968927867754793226e+00 7.749465706758543071e+00 2.117382303243383390e+01 1.029843137819034737e+01 6.948461986452226569e+00 2.685122112920716120e+00 6.708793936514615197e+00 5.261531941243856814e+00 6.332833939328603279e+00
8.330756680122437530e+00 7.225302680070839756e+00 4.603306344588340870e+00 1.185251542455054974e+01 9.800596144183066016e+00 4.357461738306121823e+00 3.201638919554399720e+00 3.232212121114612646e+00 8.552977466949132079e+00 9.278450257883596564e+00
6.312357494481267928e+00 7.403507045857383062e+00 5.912184882095678162e+00 2.611144872519386873e+00 7.145889395261340482e+00 6.460545431842280806e+00 1.369415359629868512e+01 1.290441105766968022e+01 1.823749478974590943e+01 2.155338985097954918e+01
8.511303672582824831e+00 8.768991142211804757e+00 5.956970328260277725e+00 7.109151610816636158e+00 7.995187823657798454e+00 8.708068020837268719e+00 7.244098860204525536e+00 9.236895482054368500e+00 7.693168062513349170e+00 1.172985629561780030e+01
1.225570310775658989e+01 9.071187112403162445e+00 8.060052554977062300e+00 1.832516013901276963e+01 1.369946840716567138e+01 7.257956552282671225e+00 1.040617044778473499e+01 8.145408193904739136e+00 4.662848620291251578e+00 8.284322268130987155e+00
4.862577143054204853e+00 5.474963225431299207e+01 1.724837672972685354e+01 1.700447843477101983e+01 1.254547776032794282e+01 9.129362873579289328e+00 2.746751458046881567e+01 1.326248024402008241e+01 7.401080310615898661e+00 7.547409474889833270e+00
8.619135913384852188e+00 8.584606177117851900e+00 2.935030924344527392e+00 7.089098385209974040e+00 8.229103691670452747e+00 5.350283716722546323e+00 5.327905943185334614e+00 4.122870339102918003e+00 1.807276727256792626e+01 1.353997817117194025e+01
5.101570825868149228e+01 7.171861200433617967e+00 1.553543657998190142e+01 8.920663348335665432e+00 5.300493656533243225e+00 9.969815633980925185e+00 2.841634073858603227e+00 2.737224066026359814e+00 5.290289504124698006e+00 1.481512106291226871e+01
9.113812405759976087e+00 8.271149021074155172e+00 7.791693960294227672e+00 1.189396376757828833e+01 1.349300740117255870e+01 9.294433469910087453e+00 1.207663324851730557e+01 1.276343611064746675e+01 1.296457473753222267e+01 2.355098001850399925e+01
1.068250659249013523e+01 9.065581491064136799e+00 7.771351933198983097e+00 5.762181305518817354e+00 8.367038868884581149e+00 8.251365202553360589e+00 3.170847038057609879e+01 2.245108272318407572e+01 8.092879742078574523e+00 1.318854306817300248e+01
7.025861541140784539e+00 8.000289235112457931e+00 6.904118843274067885e+00 5.490527390275273589e+00 2.026023587734540854e+01 2.537618786411927729e+01 9.092310612172068929e+00 8.632536143547909546e+00 1.043807852291483762e+01 1.004852718139630952e+01
1.129768262878738128e+01 4.943066468383924494e+00 2.407391976060692684e+01 2.191402867147557032e+01 1.424992037186067506e+01 1.184000181839179255e+01 9.297707618614214908e+00 6.612506472791011447e+00 5.175683011513378950e+00 9.946423306150038002e+00
1.914097103657389720e+00 9.081999138850061826e+00 9.267446780157269970e+00 9.302400197930666081e+00 7.714341596188138972e+00 3.986278975141470671e+00 5.140823962863819041e+00 7.208638031421108039e+00 3.626368755053067439e+00 6.009517363884985031e+00
5.711456429565294535e+00 2.107184556085286786e+01 1.207114215009551828e+01 5.153995272360167412e+00 1.102789505707271189e+01 1.642746946100576722e+01 8.455615684794818065e+00 1.070935718249162782e+01 8.265781141568472989e+00 2.121497541626137462e+01
3.715961670783508364e+00 1.054262058303643812e+01 6.613054346152744678e+00 1.475219542624251012e+01 9.795161229090151522e+00 7.965839201350271459e+00 1.154857198029681697e+01 1.015201968222033280e+01 7.369080119008047269e+00 1.616455840773665997e+01
5.103522559298220962e+00 1.453551322870966800e+01 2.831399647950660636e+01 1.897649470704057606e+01 1.004672378343553341e+01 8.770269772532611086e+00 9.326253831363088054e+00 1.143819719913129695e+01 1.136412044037193780e+01 1.038967992525345885e+01
1.145792339607369570e+01 5.859532308896391761e+00 1.361110230189822445e+01 1.031579647581564174e+01 1.274538956471231366e+01 6.916400083926268039e+00 8.797735225299478046e+00 4.131021298632480132e+00 7.036377021356043926e+00 6.054681281922809077e+00
6.804012073252953208e+00 4.042375170981851618e+00 9.333839787226350992e+00 5.482659168404894423e+00 1.628353420884441505e+01 7.485233764069488593e+00 3.093102610630150018e+00 1.586701381036638381e+01 1.003828078274537461e+01 1.468478009753955149e+01
1.721034773575453158e+01 8.845342035537402836e+00 7.369550969436149401e+00 7.497678512488015201e+00 1.208979886789379776e+01 1.841673246059727020e+01 4.913095471731931063e+00 2.679450199825712087e+00 6.466571770188420665e+00 1.245163819097113311e+01
7.299798427563166214e+00 2.235685396685778148e+00 1.100317467437268881e+01 1.486670838296467601e+01 1.566261333403550893e+01 3.097048054983397236e+01 1.788963708762140215e+01 8.713802167558812428e+00 1.141527466554120451e+01 1.338563945587501358e+01
4.965858951481383343e+00 4.781281718953096060e+00 1.414558572768024547e+01 5.483641837490698556e+00 4.408464051301145936e+00 8.320925368933879795e+00 1.873389139013337967e+01 1.021316562859126620e+01 1.736271266537851332e+01 1.019585371604078716e+01
1.264185379341599358e+01 8.159270702866331604e+00 1.302117977092747481e+01 1.537000484429868408e+01 1.029682239370039731e+01 2.206278247882109156e+01 1.593677345289730951e+01 1.199814761192822843e+01 1.074215072743433552e+01 8.617298922001355166e+00
8.560091776521275619e+00 8.107376376428119258e+00 8.722973580013510642e+00 7.295786568856608589e+00 2.877073701051558352e+00 1.160919593020536134e+01 9.490749503838578960e+00 6.163711162778243491e+00 5.681285890280101114e+00 7.527630861966962961e+00
