6.178085329766704881e-01 1.207770446264927688e+00
6.227260581644266102e-01 1.213508986191908168e+00
6.068701614194277338e-01 1.182520049965392284e+00
5.929467327810936661e-01 1.188928294146877729e+00
6.217816914284538532e-01 1.191217839715270177e+00
6.136663405767576185e-01 1.213996722036031706e+00
6.180833567723703625e-01 1.199376486914906392e+00
6.035591664141920498e-01 1.219889495977409366e+00
6.046676488283183604e-01 1.213564362857499690e+00
5.876031390548329680e-01 1.199542553546231183e+00
5.942801803460958654e-01 1.212093923634644188e+00
6.271606170017157700e-01 1.198849872924958593e+00
6.141272509563840964e-01 1.203719151410211685e+00
6.182769304864194071e-01 1.211823513599067814e+00
6.298199147125022046e-01 1.223822084480814976e+00
5.999982595259980567e-01 1.207519354578061144e+00
5.988619193560373866e-01 1.216669442689381819e+00
6.068070561954421738e-01 1.203316269292451945e+00
5.831575035875398161e-01 1.199115426577106458e+00
6.018297698779075944e-01 1.201615695151591279e+00
6.100153953176169486e-01 1.206063747925908647e+00
6.036385256274376943e-01 1.202445759625814903e+00
6.266500413820772497e-01 1.212533663343503321e+00
5.827725158261879423e-01 1.165685295731371252e+00
5.836330169021810566e-01 1.179595355390113509e+00
6.059944141166213605e-01 1.201963544660081151e+00
6.211138485323490777e-01 1.213123768468461261e+00
5.861247735590728869e-01 1.193236484623357185e+00
6.114379927888077271e-01 1.231881316160896356e+00
6.109610551169081250e-01 1.218786955418645679e+00
6.015020388948492114e-01 1.220248829899799770e+00
6.130484357651113658e-01 1.236638145002314060e+00
5.855574323833163675e-01 1.186572136089948382e+00
6.086196532562587747e-01 1.193651042681277863e+00
6.156543331726238577e-01 1.206628730341691380e+00
6.184259699374619057e-01 1.195565245297437240e+00
6.213628287329302502e-01 1.227113345386486865e+00
6.002449562796765559e-01 1.185701364353833442e+00
5.903199699989941651e-01 1.191898403066642409e+00
