2.462441544986767737e-05 9.791531620777686816e-05
2.412617113343932775e-05 1.678969912889737644e-04
2.733017742438188896e-05 1.062800797405186371e-04
3.068005905844397815e-05 1.134814080342873949e-04
3.116603868411743899e-05 1.394814539315975530e-04
2.036086437635144467e-05 1.772442062402130171e-04
2.941601924827346758e-05 1.149632836614249056e-04
2.654484606730907626e-05 1.445580813580179050e-04
2.319201641579335729e-05 1.645177766722026905e-04
2.191982583988056867e-05 1.088192007955386193e-04
2.154649914587027643e-05 1.193512331147227458e-04
2.600433031290179706e-05 1.294358737089031694e-04
2.567078163233197191e-05 1.269917247641756675e-04
2.735312334654372367e-05 1.701747189157109662e-04
2.140606084835273859e-05 1.812862390240534919e-04
2.491621984823539764e-05 1.935354318210257918e-04
2.421220997405870701e-05 1.279184882584710661e-04
2.382512098612539101e-05 1.618497857393545367e-04
2.743633630296392771e-05 1.209736795470110104e-04
2.534248435255342509e-05 1.475027348979295234e-04
2.283216394897945786e-05 1.437342607996439146e-04
2.377780076039872701e-05 1.220809767128161721e-04
2.378388631198430760e-05 1.606684621815283604e-04
3.831608107944295448e-05 7.914207783402242579e-05
2.790763474133490070e-05 1.010489937769102492e-04
2.613145802601734259e-05 1.406604189017444538e-04
2.548570845340441149e-05 1.733794978318246817e-04
2.628546287636066044e-05 1.219796499620657957e-04
2.357763330840711148e-05 2.045408172809049972e-04
2.256991315804052987e-05 1.888309012707258764e-04
2.230821917217829092e-05 1.506353878849211330e-04
2.546461198285054363e-05 1.936833106361021770e-04
2.837476254329138523e-05 1.030616939674199278e-04
2.326992066953967696e-05 1.401827175820331080e-04
2.539899110939532561e-05 1.538839743765248896e-04
2.799107575671591321e-05 1.106935300947543252e-04
2.499821240245262782e-05 1.693568285297409183e-04
2.651477102643728367e-05 1.280957717673256375e-04
2.598644365224496138e-05 1.048911050117964683e-04
