4.651512582386959846e-03 5.457555601104651516e-04
6.728359010345532753e-04 2.060797829182888104e-04
7.097537666016215385e-03 1.006634855525546848e-03
7.925005174873929470e-02 3.163484665777977715e-03
2.298438562734851209e-03 4.627288430925695860e-04
7.418394250836672643e-04 1.900495966398516967e-04
6.448099720495323664e-03 7.168701769051406955e-04
2.884331539809936295e-03 6.657593794694143668e-04
1.025111061752887517e-03 2.751563263813509071e-04
1.832210121429097768e-02 1.486772947072358825e-03
1.682739895887705754e-03 3.951046182595818941e-04
1.284934382888105932e-03 3.254156588353501137e-04
2.720983845861924943e-03 4.845494868849678071e-04
8.526081456744051892e-04 2.279505437605435750e-04
4.678278968488898360e-04 1.628655855109630848e-04
1.134461397903114340e-03 3.220412269811892309e-04
2.988733560364713326e-03 6.287863669481341981e-04
1.359139126748720337e-03 3.313036654167535134e-04
7.263425811171406524e-03 1.182697086822026480e-03
1.881794406789138183e-03 3.977007812526263029e-04
1.813010571700721151e-03 3.741928943582282889e-04
3.337248228148405240e-03 6.531315158441612688e-04
7.474285371418347684e-04 1.874966859855473327e-04
6.667279027271563741e-02 5.211789430056241144e-03
1.634739008557222276e-02 2.204962062752078254e-03
4.923120725066115234e-03 6.261731430056569547e-04
7.032960986115183210e-04 2.215017203434637577e-04
7.741527246481099203e-03 1.026725025851190796e-03
4.446993315758386773e-04 1.605566253173112631e-04
8.532304236309380154e-04 2.657294092394588657e-04
1.710578559980360401e-03 4.039678881531108198e-04
6.685424451696424112e-04 2.104116137433273209e-04
1.236298608437496997e-02 1.913298734419870530e-03
2.159170116538120486e-03 4.704279669947539514e-04
9.807626819468737937e-04 2.722420215993092687e-04
7.898111087867875496e-03 9.063910276347691367e-04
6.332172857723784637e-04 2.093538496873546687e-04
8.601337251312284049e-03 8.868233504755011765e-04
1.152419970393295766e-02 1.292392013823373282e-03
