2.562738186821790466e-05 1.045996040813304551e-04
2.870824298190842146e-05 1.786865342494877243e-04
2.592461003253613788e-05 9.607507166782040483e-05
2.895669799540390567e-05 1.170974729501683752e-04
2.964824234771492264e-05 1.329671003772377202e-04
2.357389994651826659e-05 1.959672502123848445e-04
2.941899969953492053e-05 1.326450272762184760e-04
2.702149394744080837e-05 1.578874265307707466e-04
2.549716319963308813e-05 1.754264650197740545e-04
2.425585698434813727e-05 1.125468774643981548e-04
2.239129366402587952e-05 1.272767775073786083e-04
2.770282777373279527e-05 1.396172761055680710e-04
2.576780824376899025e-05 1.345211920039680311e-04
2.751450250993165011e-05 1.740188217331480925e-04
2.305974571575505997e-05 1.971653831901287843e-04
2.676565751759810963e-05 2.009391176465725732e-04
2.654971012924636705e-05 1.487794387181011881e-04
2.481070252012674253e-05 1.797029134345045568e-04
2.812958265766244846e-05 1.298939808712059653e-04
2.608921785797736919e-05 1.604427315445501763e-04
2.211912129518630359e-05 1.607643152062452274e-04
2.575278223856240732e-05 1.386380147707982555e-04
2.489314856543314939e-05 1.801549311423049132e-04
4.130043673440313921e-05 9.350193110436725761e-05
2.994846086763888401e-05 1.228041487991477388e-04
2.402698787000211582e-05 1.556967079581336396e-04
2.609851668396758324e-05 1.936162943127131683e-04
2.467300124042700728e-05 1.312380240446323803e-04
2.603093890664932061e-05 2.356346692391855541e-04
2.582687987954277741e-05 2.081031461935558874e-04
2.390367745146130006e-05 1.635103142479795650e-04
2.613526628270991840e-05 2.149729933885980663e-04
2.762104127695802955e-05 1.041221655546756579e-04
2.391074408182209012e-05 1.480193609686202764e-04
2.550756113707370150e-05 1.548224276428718411e-04
2.771179069497726243e-05 1.128355681780049294e-04
2.639212550707173310e-05 1.714651956452509891e-04
2.910769824702197044e-05 1.427339339734728105e-04
2.520364804266520036e-05 1.260697769113419838e-04
