5.343578433090179214e-01 1.198545160574724378e+00
5.329944319520643070e-01 1.206675662060022969e+00
5.278641264359344998e-01 1.187429501124791287e+00
5.052980858888667104e-01 1.177952715873227474e+00
5.369688091965075794e-01 1.191409547817755765e+00
5.277829666563003119e-01 1.205585295658112344e+00
5.377878437049896654e-01 1.196246712415111713e+00
5.174979027970356693e-01 1.201698650254192868e+00
5.153053641137140817e-01 1.189648275395806865e+00
5.019772936464365065e-01 1.185298361198796169e+00
5.078949532846116499e-01 1.201888250242591383e+00
5.361084174725896379e-01 1.192382510139904372e+00
5.263902071843495900e-01 1.189902203439182626e+00
5.273792461470393489e-01 1.197871126862046109e+00
5.410930859543554572e-01 1.208467781581939571e+00
5.177396253028772044e-01 1.207195474214288744e+00
5.142275274813441488e-01 1.206481588379778813e+00
5.170111781349610025e-01 1.195553141803818553e+00
4.951922760934474033e-01 1.190018624838533157e+00
5.123269933130139009e-01 1.195328089841516839e+00
5.231775792305508599e-01 1.196460778060975505e+00
5.167176137454539964e-01 1.196738443454410827e+00
5.344738797919788009e-01 1.192701659559101346e+00
5.062331339920760342e-01 1.169767407779897184e+00
5.065524912082369768e-01 1.188849888173265867e+00
5.197504179463161567e-01 1.192095168662756333e+00
5.305987185402737394e-01 1.200428872910787259e+00
4.905243804735949231e-01 1.172846432566347241e+00
5.252981398786373823e-01 1.213283879212490923e+00
5.184842309772489388e-01 1.191694836254042711e+00
5.157555358004335400e-01 1.208737492420471460e+00
5.285897482611066067e-01 1.217831739905960609e+00
5.039307525540371868e-01 1.189795112398055688e+00
5.237073133060270447e-01 1.196453994744782756e+00
5.264195114521821317e-01 1.195546039838359498e+00
5.305185450932541347e-01 1.180561341561547684e+00
5.326429250506788948e-01 1.209325838732550062e+00
5.135465136196297742e-01 1.185477699425252718e+00
5.033747312000148577e-01 1.189468668829006148e+00
