2.755960236497595142e-05 8.981487437501299044e-05
2.424123497572120664e-05 1.313886631278593151e-04
3.265374147837019270e-05 8.900982394193116345e-05
3.665773911341111129e-05 1.024650003809593723e-04
3.323682743800811013e-05 1.124152949878926201e-04
2.182030385114551920e-05 1.276736953210647182e-04
3.309528729024941818e-05 8.900709120004389214e-05
2.588678698878787095e-05 1.105146853807773932e-04
2.238234208133747959e-05 1.417957578085179840e-04
2.786322310907590280e-05 8.122631663478180059e-05
2.037313061286127866e-05 9.865799230086276332e-05
2.702488904216460483e-05 1.112077934227844985e-04
2.490158532977404431e-05 9.740095508012864081e-05
2.410029571506274747e-05 1.239292947708160448e-04
2.111382460570775148e-05 1.271076425460781947e-04
2.393154700526692682e-05 1.475602454134110049e-04
2.619758865098376505e-05 1.031459901316190714e-04
2.535146036784934639e-05 1.355037394148270354e-04
2.810857673071628387e-05 9.147274510260367485e-05
2.546579653524981120e-05 1.171321735012928304e-04
2.252038891341855741e-05 9.723910808418489429e-05
2.523514998572583308e-05 1.045451995172651862e-04
2.365960924708869346e-05 1.217976296411221721e-04
4.170483306688833294e-05 6.866319709364831700e-05
3.350563530129361286e-05 9.729560560748804973e-05
2.646477824742107262e-05 1.172494982713599921e-04
2.289650749582717071e-05 1.411658952191690122e-04
2.626579127409387545e-05 9.014796720904388373e-05
2.179774488074320520e-05 1.353097472718193357e-04
2.131003699948164513e-05 1.399186360766546970e-04
2.173571071041284153e-05 1.281095146936152859e-04
2.346188876135902083e-05 1.458705979834064824e-04
2.697680721081422006e-05 8.776152834563955279e-05
2.472326566638321705e-05 8.934845810044112478e-05
2.421967564318500154e-05 1.230067202224167748e-04
3.116488322750445451e-05 8.439532768979361547e-05
2.271609709069814266e-05 1.409724125236670050e-04
2.908908119109775178e-05 9.155928685344547904e-05
2.765659623429937377e-05 9.110506925331204495e-05
