5.586201240797025180e-01 1.197512879731028379e+00
5.624175765749043210e-01 1.211103402671926066e+00
5.516647427203399401e-01 1.184705704528152825e+00
5.358685512977618970e-01 1.183812365416643475e+00
5.618017474363082853e-01 1.187010957469768702e+00
5.538357668194321404e-01 1.210858353355985129e+00
5.633908015837764127e-01 1.197685124974833037e+00
5.482155236780410501e-01 1.212630053803886776e+00
5.444347818238753911e-01 1.198238021865968284e+00
5.289205440169608696e-01 1.186828106965090779e+00
5.349848567194739335e-01 1.206539269641237588e+00
5.652119916299891411e-01 1.193585982553710512e+00
5.552906862284494593e-01 1.198159229029851058e+00
5.563709110486847464e-01 1.203135924625128972e+00
5.690964754477548793e-01 1.217119226552596523e+00
5.407868545102818558e-01 1.204565664731023888e+00
5.403384419919939896e-01 1.210483900428048099e+00
5.484550080206909151e-01 1.207351515101713568e+00
5.230166246717069534e-01 1.192352044337257944e+00
5.397575494582159683e-01 1.195870670751052023e+00
5.517420966897231827e-01 1.200734340216769169e+00
5.450263518383386963e-01 1.199986008522805125e+00
5.658338433923371102e-01 1.203425815328136750e+00
5.322103529227635299e-01 1.167343186318851700e+00
5.311536077076709494e-01 1.186769642658922042e+00
5.454486664628045434e-01 1.191305726978957757e+00
5.613133728016184154e-01 1.211146258138127374e+00
5.259582898748439428e-01 1.186155669574432636e+00
5.514077929024673308e-01 1.217199118919295220e+00
5.506834338405254270e-01 1.206853152151587949e+00
5.397289335818675760e-01 1.205188840988822507e+00
5.561728554979812333e-01 1.233179034930223628e+00
5.322028345672813465e-01 1.194346582603546203e+00
5.515142000660732124e-01 1.200172554281477177e+00
5.530257734430769068e-01 1.196460850554892374e+00
5.599175812065124713e-01 1.186173632702104852e+00
5.598245797309646665e-01 1.214547427740861663e+00
5.419887187637405512e-01 1.186929445568986052e+00
5.334074982527199360e-01 1.195027220043989757e+00
