6.292076821948585641e-01 1.253509758847064948e+00
4.933699290678303928e-01 1.197649685762796956e+00
5.131727261384450012e-01 1.190781704192386270e+00
5.187107829426876870e-01 1.188620596050619094e+00
5.343578433090179214e-01 1.198545160574724378e+00
5.461841870494009710e-01 1.201062086121447825e+00
5.586201240797025180e-01 1.197512879731028379e+00
5.786031594359446473e-01 1.204370929136322710e+00
6.004841754844825186e-01 1.205765228810011580e+00
6.178085329766704881e-01 1.207770446264927688e+00
4.840762096655015778e-01 1.204276499643636589e+00
4.793691602912896199e-01 1.194460417215333692e+00
5.153993735964157441e-01 1.205843165756059321e+00
5.230641550844803422e-01 1.205767901975826506e+00
5.329944319520643070e-01 1.206675662060022969e+00
5.463054630385426602e-01 1.207630581679225434e+00
5.624175765749043210e-01 1.211103402671926066e+00
5.811125850654260683e-01 1.214215625065581339e+00
6.040743020514045547e-01 1.208455880643933833e+00
6.227260581644266102e-01 1.213508986191908168e+00
5.054281765425239215e-01 1.208122681801624410e+00
4.820831801881660383e-01 1.191529296419495454e+00
5.067437692592311471e-01 1.185092477717108572e+00
5.163485624320828249e-01 1.185396010617467466e+00
5.278641264359344998e-01 1.187429501124791287e+00
5.384247230910811366e-01 1.185441645453983783e+00
5.516647427203399401e-01 1.184705704528152825e+00
5.694827975396599129e-01 1.183892501621209625e+00
5.891973102336525159e-01 1.179771462526354675e+00
6.068701614194277338e-01 1.182520049965392284e+00
9.036802703856435803e-01 1.314620855657728127e+00
4.845628793235925991e-01 1.208193264100238418e+00
4.893486071214535049e-01 1.182874284356655536e+00
4.994915273744935380e-01 1.184644970334950642e+00
5.052980858888667104e-01 1.177952715873227474e+00
5.183297901212208236e-01 1.178818397454513445e+00
5.358685512977618970e-01 1.183812365416643475e+00
5.530130127639399928e-01 1.181205093344432910e+00
5.770125453050731767e-01 1.189556993291606357e+00
5.929467327810936661e-01 1.188928294146877729e+00
4.611546831125061252e-01 1.182034008088476806e+00
4.693172807897634247e-01 1.175664777420127205e+00
5.138302541177498517e-01 1.186580524856531316e+00
5.254672586661230937e-01 1.189224122140677187e+00
5.369688091965075794e-01 1.191409547817755765e+00
5.480556712265700625e-01 1.189000940458134759e+00
5.618017474363082853e-01 1.187010957469768702e+00
5.833036437620428005e-01 1.195358803654329893e+00
6.032956134992520925e-01 1.188500610065325258e+00
6.217816914284538532e-01 1.191217839715270177e+00
5.131304212827241251e-01 1.209650862800524695e+00
4.837466320948691223e-01 1.190430130164184197e+00
5.086572348646346553e-01 1.196626570154463609e+00
5.178528416848173777e-01 1.201722710922596526e+00
5.277829666563003119e-01 1.205585295658112344e+00
5.392270936849038465e-01 1.209071780874144464e+00
5.538357668194321404e-01 1.210858353355985129e+00
5.720703822544743744e-01 1.213931279244241601e+00
5.950264648129883760e-01 1.212912264161333242e+00
6.136663405767576185e-01 1.213996722036031706e+00
5.734274214554794247e-01 1.223399722673406353e+00
5.163458124036756081e-01 1.206487421745678024e+00
5.198384296937876847e-01 1.193321804135492048e+00
5.282285981167593736e-01 1.195371578395668211e+00
5.377878437049896654e-01 1.196246712415111713e+00
5.450905585506505835e-01 1.189126447212475624e+00
5.633908015837764127e-01 1.197685124974833037e+00
5.807939357038784944e-01 1.197156186667571287e+00
6.021979742002536717e-01 1.200135329034750953e+00
6.180833567723703625e-01 1.199376486914906392e+00
4.359373059526056027e-01 1.190575082602972623e+00
4.451031118813483789e-01 1.181077903566685627e+00
4.946788485871265739e-01 1.193530559336407837e+00
5.058326078047297170e-01 1.197097148860444493e+00
5.174979027970356693e-01 1.201698650254192868e+00
5.300784734113342944e-01 1.205255267629676830e+00
5.482155236780410501e-01 1.212630053803886776e+00
5.664622027409165206e-01 1.219828752695514495e+00
5.871165793305956893e-01 1.217931669154849628e+00
6.035591664141920498e-01 1.219889495977409366e+00
4.897118790404776378e-01 1.210772487820285681e+00
4.700932934635538851e-01 1.192108579341175645e+00
4.945674941289694981e-01 1.184508608794033968e+00
5.031650470179738210e-01 1.184280691320877876e+00
5.153053641137140817e-01 1.189648275395806865e+00
5.302867161689177600e-01 1.199033314246301218e+00
5.444347818238753911e-01 1.198238021865968284e+00
5.645231172438469613e-01 1.204762199281453894e+00
5.879012217203331003e-01 1.212187971819961962e+00
6.046676488283183604e-01 1.213564362857499690e+00
6.314955053306787747e-01 1.262268507613943935e+00
4.449639025688246208e-01 1.183510875999132850e+00
4.806254249542708523e-01 1.180323477022590328e+00
4.923398080693017209e-01 1.185420751400666273e+00
5.019772936464365065e-01 1.185298361198796169e+00
5.147103461522497536e-01 1.187207700464720128e+00
5.289205440169608696e-01 1.186828106965090779e+00
5.472108984311262470e-01 1.188199652064603873e+00
5.715228456649565913e-01 1.198475904894870325e+00
5.876031390548329680e-01 1.199542553546231183e+00
4.635940547258444178e-01 1.207152970757783272e+00
4.594206904346779807e-01 1.197095490559711095e+00
4.897746504072069684e-01 1.197693527054807472e+00
4.968913606379299908e-01 1.196673356548316303e+00
5.078949532846116499e-01 1.201888250242591383e+00
5.190940329417267352e-01 1.202081510557441613e+00
5.349848567194739335e-01 1.206539269641237588e+00
5.531954127092613138e-01 1.208507883162177166e+00
5.768775314826357636e-01 1.212014516280883303e+00
5.942801803460958654e-01 1.212093923634644188e+00
4.757518595285455953e-01 1.191701172611476123e+00
4.873316572208572506e-01 1.192052447038335128e+00
5.133605970672787677e-01 1.186520330625683295e+00
5.224404546258129001e-01 1.185687071570519446e+00
5.361084174725896379e-01 1.192382510139904372e+00
5.491766632265967507e-01 1.191763807420691768e+00
5.652119916299891411e-01 1.193585982553710512e+00
5.864473050012275479e-01 1.199594907376823283e+00
6.079105912429082492e-01 1.194932641221699621e+00
6.271606170017157700e-01 1.198849872924958593e+00
5.096558683038446835e-01 1.204431114953919302e+00
4.681539222541468703e-01 1.178127063603407576e+00
5.120558512005856100e-01 1.193308445403966189e+00
5.149027283850381442e-01 1.186561069102118005e+00
5.263902071843495900e-01 1.189902203439182626e+00
5.372551533668434853e-01 1.190104837635120205e+00
5.552906862284494593e-01 1.198159229029851058e+00
5.738847687117913932e-01 1.201188039748502634e+00
5.953862650341890106e-01 1.201964313702349241e+00
6.141272509563840964e-01 1.203719151410211685e+00
4.936237030600286180e-01 1.203538673372723800e+00
4.709041861160830900e-01 1.182552511279245877e+00
5.112266215907348421e-01 1.199931186458804255e+00
5.188731011920674208e-01 1.199306706196340500e+00
5.273792461470393489e-01 1.197871126862046109e+00
5.399621959430505047e-01 1.199385030664417373e+00
5.563709110486847464e-01 1.203135924625128972e+00
5.782027682860935158e-01 1.213295062804450763e+00
6.001449551830210227e-01 1.212592735537295630e+00
6.182769304864194071e-01 1.211823513599067814e+00
4.718266611683118450e-01 1.185212345155599367e+00
4.809671182451416560e-01 1.181773697101481391e+00
5.202525804034341395e-01 1.200674959576666812e+00
5.306288774151449728e-01 1.206763103994983544e+00
5.410930859543554572e-01 1.208467781581939571e+00
5.524072041500083241e-01 1.207782554317224921e+00
5.690964754477548793e-01 1.217119226552596523e+00
5.889709287914393077e-01 1.225794931868553039e+00
6.110343954192165583e-01 1.219234669160739859e+00
6.298199147125022046e-01 1.223822084480814976e+00
4.803160495861870660e-01 1.207494890649131403e+00
4.697428960498860606e-01 1.194096436693810048e+00
4.977893854460841983e-01 1.198476780369764683e+00
5.102719236644521761e-01 1.209144250344058369e+00
5.177396253028772044e-01 1.207195474214288744e+00
5.279068772045217850e-01 1.206282526088756635e+00
5.407868545102818558e-01 1.204565664731023888e+00
5.595612577002695431e-01 1.208170128637320984e+00
5.827968914021250946e-01 1.211521539782355772e+00
5.999982595259980567e-01 1.207519354578061144e+00
4.633749950088946745e-01 1.201739821262312935e+00
4.588794781719101601e-01 1.192073389038738718e+00
4.906015570806799286e-01 1.193435473085122656e+00
5.006271117567175910e-01 1.198055313135588884e+00
5.142275274813441488e-01 1.206481588379778813e+00
5.235045342897413079e-01 1.202458430209590867e+00
5.403384419919939896e-01 1.210483900428048099e+00
5.572370796272974047e-01 1.209981184196341486e+00
5.805242123478914218e-01 1.214085057139205892e+00
5.988619193560373866e-01 1.216669442689381819e+00
4.912293311413039598e-01 1.209197805985512408e+00
4.660604127364695315e-01 1.187056622627592040e+00
5.011051733425733179e-01 1.195422476950777524e+00
5.109161246308803195e-01 1.202568280623484753e+00
5.170111781349610025e-01 1.195553141803818553e+00
5.317197955754869865e-01 1.202201415604347901e+00
5.484550080206909151e-01 1.207351515101713568e+00
5.674656360955925294e-01 1.208316850210269022e+00
5.893143106782667839e-01 1.204941637694430412e+00
6.068070561954421738e-01 1.203316269292451945e+00
4.491225299511812374e-01 1.208737888621479906e+00
4.369354285054911635e-01 1.186134701914693057e+00
4.752011175635441065e-01 1.187542322781503845e+00
4.839395385420426354e-01 1.189981552940865717e+00
4.951922760934474033e-01 1.190018624838533157e+00
5.069857048428847435e-01 1.189378865680962294e+00
5.230166246717069534e-01 1.192352044337257944e+00
5.408444374837230173e-01 1.191050878855056228e+00
5.655151125626325381e-01 1.197343022620661612e+00
5.831575035875398161e-01 1.199115426577106458e+00
4.802993792307398979e-01 1.211553763278084395e+00
4.488073193089515689e-01 1.182994253080159153e+00
4.926551826383181454e-01 1.191870055695896990e+00
5.020058603974133504e-01 1.194238038233915944e+00
5.123269933130139009e-01 1.195328089841516839e+00
5.249365250306093911e-01 1.195485792325079899e+00
5.397575494582159683e-01 1.195870670751052023e+00
5.588907368557338717e-01 1.193491687982803251e+00
5.823943186406993489e-01 1.196357852592275117e+00
6.018297698779075944e-01 1.201615695151591279e+00
5.160538150226708920e-01 1.218732714924934513e+00
4.883072505270530939e-01 1.201696499551362596e+00
5.020934479639250769e-01 1.191307455479833521e+00
5.122977434172321098e-01 1.194676762827102889e+00
5.231775792305508599e-01 1.196460778060975505e+00
5.372406170880000831e-01 1.201057055773903981e+00
5.517420966897231827e-01 1.200734340216769169e+00
5.664799649841418816e-01 1.195500043296442882e+00
5.908008446871334529e-01 1.200083344846864408e+00
6.100153953176169486e-01 1.206063747925908647e+00
4.657080768149254868e-01 1.208925412348302642e+00
4.714467586455539094e-01 1.199597456192991185e+00
4.928271945640594898e-01 1.187474316040393552e+00
5.081361552279782812e-01 1.198804742733783568e+00
5.167176137454539964e-01 1.196738443454410827e+00
5.303703957237221323e-01 1.200133443902872576e+00
5.450263518383386963e-01 1.199986008522805125e+00
5.628727132658581933e-01 1.198797688659749783e+00
5.857155512122790286e-01 1.200649726686972896e+00
6.036385256274376943e-01 1.202445759625814903e+00
5.109193038429233891e-01 1.203283728292569910e+00
5.010867745620175562e-01 1.199142726562287153e+00
5.175980628999747868e-01 1.192726774904427023e+00
5.274386973288056613e-01 1.195905783232029895e+00
5.344738797919788009e-01 1.192701659559101346e+00
5.489546574831046799e-01 1.197878163301270948e+00
5.658338433923371102e-01 1.203425815328136750e+00
5.851402697085706928e-01 1.208512997358134777e+00
6.080968872584268103e-01 1.212060780618155587e+00
6.266500413820772497e-01 1.212533663343503321e+00
4.812629667566035718e-01 1.187178285718657023e+00
4.487078647351955274e-01 1.175697042497175770e+00
4.895866441791072998e-01 1.173643988583296771e+00
5.060518957915459692e-01 1.179786451646657186e+00
5.062331339920760342e-01 1.169767407779897184e+00
5.207592842606033612e-01 1.171396810683805079e+00
5.322103529227635299e-01 1.167343186318851700e+00
5.496720732849650348e-01 1.169317692332793035e+00
5.691616802770661510e-01 1.168825814199828006e+00
5.827725158261879423e-01 1.165685295731371252e+00
4.735797087591479548e-01 1.212849582863536835e+00
4.566348412458380857e-01 1.197748070991721647e+00
4.873160560930357987e-01 1.189401031750142224e+00
4.964434104301431727e-01 1.189489847274208367e+00
5.065524912082369768e-01 1.188849888173265867e+00
5.215786864611609008e-01 1.194747768320235881e+00
5.311536077076709494e-01 1.186769642658922042e+00
5.450993975733727792e-01 1.180211435057635816e+00
5.652783379453919510e-01 1.174645899166500307e+00
5.836330169021810566e-01 1.179595355390113509e+00
5.841061087465662105e-01 1.237912296647636357e+00
4.630188673978466452e-01 1.181864426315575534e+00
4.988355684205221796e-01 1.186159876946967673e+00
5.070366520187443715e-01 1.187215037869817635e+00
5.197504179463161567e-01 1.192095168662756333e+00
5.325985654822025239e-01 1.194098431535239646e+00
5.454486664628045434e-01 1.191305726978957757e+00
5.630967388665699680e-01 1.191878451697782282e+00
5.882285315148940708e-01 1.201969307654810803e+00
6.059944141166213605e-01 1.201963544660081151e+00
4.642360070045458698e-01 1.182257903454524195e+00
4.727343288766583940e-01 1.180397989036637396e+00
5.108360157885292185e-01 1.194661340748900180e+00
5.171168338223169902e-01 1.192225084551853831e+00
5.305987185402737394e-01 1.200428872910787259e+00
5.452712795659743206e-01 1.207582604452362096e+00
5.613133728016184154e-01 1.211146258138127374e+00
5.787194404952148430e-01 1.208976549252230859e+00
6.028992276538628348e-01 1.214464382259256237e+00
6.211138485323490777e-01 1.213123768468461261e+00
5.008016228994834895e-01 1.217554979092642542e+00
4.408050066133740175e-01 1.182716448025942446e+00
4.699188556477336132e-01 1.171191841170838188e+00
4.778313526588099935e-01 1.170016599470051544e+00
4.905243804735949231e-01 1.172846432566347241e+00
5.088472590535799700e-01 1.181895978542867098e+00
5.259582898748439428e-01 1.186155669574432636e+00
5.449855292055539868e-01 1.189122574518442832e+00
5.667987805385794609e-01 1.189244929218052693e+00
5.861247735590728869e-01 1.193236484623357185e+00
4.715811721446750426e-01 1.205886426694416258e+00
4.706272742985906921e-01 1.196507983709778067e+00
5.098958765156946793e-01 1.215785004720313811e+00
5.174110607698647613e-01 1.217178009778973280e+00
5.252981398786373823e-01 1.213283879212490923e+00
5.361408912920290204e-01 1.213232017011976138e+00
5.514077929024673308e-01 1.217199118919295220e+00
5.708815073501815052e-01 1.227067911649834420e+00
5.924763294456737439e-01 1.226239852152885224e+00
6.114379927888077271e-01 1.231881316160896356e+00
4.951218266270601132e-01 1.205510164638716519e+00
4.619923538695168141e-01 1.178339664736084647e+00
4.998363258792072883e-01 1.187700189618236868e+00
5.108549170362026715e-01 1.194860385433461847e+00
5.184842309772489388e-01 1.191694836254042711e+00
5.342366901242446842e-01 1.200636183116750244e+00
5.506834338405254270e-01 1.206853152151587949e+00
5.711968451961878523e-01 1.216924813054451660e+00
5.939343702878647768e-01 1.221905420864306313e+00
6.109610551169081250e-01 1.218786955418645679e+00
4.861688952428123156e-01 1.219062887786073412e+00
4.618764440665453774e-01 1.195601928903951228e+00
4.957954643737912392e-01 1.202971508147697932e+00
5.040287358989138378e-01 1.203990680752181186e+00
5.157555358004335400e-01 1.208737492420471460e+00
5.290088054002418660e-01 1.214159125941249862e+00
5.397289335818675760e-01 1.205188840988822507e+00
5.605808684260065178e-01 1.214526114037332016e+00
5.823912160561784956e-01 1.214565387872874824e+00
6.015020388948492114e-01 1.220248829899799770e+00
4.670733661663481473e-01 1.194582800892153296e+00
4.762564254981165868e-01 1.195128191901007497e+00
5.135238894490202766e-01 1.216656858426236498e+00
5.207302137956349997e-01 1.218759610908092039e+00
5.285897482611066067e-01 1.217831739905960609e+00
5.403851501378816868e-01 1.221962728543855903e+00
5.561728554979812333e-01 1.233179034930223628e+00
5.718394609721562105e-01 1.228774260700032928e+00
5.948558025151513551e-01 1.234962677656921803e+00
6.130484357651113658e-01 1.236638145002314060e+00
4.601203894645394255e-01 1.208414487367458712e+00
4.388952513917698250e-01 1.183857928506093504e+00
4.888166638066574476e-01 1.194556205461794418e+00
4.947406705405676952e-01 1.192169877440652392e+00
5.039307525540371868e-01 1.189795112398055688e+00
5.169648427528226176e-01 1.194280036620617436e+00
5.322028345672813465e-01 1.194346582603546203e+00
5.488326526788241955e-01 1.189636899784854318e+00
5.698942568355032101e-01 1.190163988164580910e+00
5.855574323833163675e-01 1.186572136089948382e+00
4.624302004136501276e-01 1.201121473113431204e+00
4.839825681452553097e-01 1.204496125764125125e+00
5.051839335807160047e-01 1.196952691460577478e+00
5.110943003117481842e-01 1.192372423009854909e+00
5.237073133060270447e-01 1.196453994744782756e+00
5.357857073160749994e-01 1.198548634669581503e+00
5.515142000660732124e-01 1.200172554281477177e+00
5.707123256836544867e-01 1.203337312997909248e+00
5.919292435960689103e-01 1.200663585704312641e+00
6.086196532562587747e-01 1.193651042681277863e+00
4.562055653529148991e-01 1.186285334664248348e+00
4.786436965740761829e-01 1.192441790716439520e+00
5.073817687028605583e-01 1.193974458431400043e+00
5.160696987029664839e-01 1.194903538566798984e+00
5.264195114521821317e-01 1.195546039838359498e+00
5.371466149851775729e-01 1.192290574444602624e+00
5.530257734430769068e-01 1.196460850554892374e+00
5.723434300147532960e-01 1.201194253079959751e+00
5.954871888989878848e-01 1.198533031407557514e+00
6.156543331726238577e-01 1.206628730341691380e+00
5.644550074105765258e-01 1.222103734866326175e+00
4.812293095654465724e-01 1.187826913499529180e+00
5.100782465893436424e-01 1.180704987621177482e+00
5.204610109520966255e-01 1.181837384378603417e+00
5.305185450932541347e-01 1.180561341561547684e+00
5.439263285063672404e-01 1.183557585527898581e+00
5.599175812065124713e-01 1.186173632702104852e+00
5.770828191627468406e-01 1.185005026425002495e+00
5.992777046153028309e-01 1.189039027261739934e+00
6.184259699374619057e-01 1.195565245297437240e+00
4.594994663348565545e-01 1.192026890458421251e+00
4.850911101868261022e-01 1.199611157974240339e+00
5.134375808293227816e-01 1.205557333720984170e+00
5.242686834010473751e-01 1.211673863786269845e+00
5.326429250506788948e-01 1.209325838732550062e+00
5.450655325505274762e-01 1.210866356567454671e+00
5.598245797309646665e-01 1.214547427740861663e+00
5.798460285634946532e-01 1.222845883645827358e+00
6.045980426072616876e-01 1.230199854544316684e+00
6.213628287329302502e-01 1.227113345386486865e+00
5.940728625211878500e-01 1.251930069308262672e+00
4.529787868955473251e-01 1.182253784802022034e+00
4.882649289828679962e-01 1.177820511067815712e+00
4.988597836165933330e-01 1.179995180598279347e+00
5.135465136196297742e-01 1.185477699425252718e+00
5.281196992836019177e-01 1.189049559910117404e+00
5.419887187637405512e-01 1.186929445568986052e+00
5.605361206439756216e-01 1.187853551978675481e+00
5.817955612135443655e-01 1.184812009197056870e+00
6.002449562796765559e-01 1.185701364353833442e+00
5.739292444848443919e-01 1.250400673219128400e+00
4.328112602035195655e-01 1.180934152938119874e+00
4.826019812020193589e-01 1.189098352031442207e+00
4.940292033330827559e-01 1.191816272001654298e+00
5.033747312000148577e-01 1.189468668829006148e+00
5.172784752360358729e-01 1.193215297590455748e+00
5.334074982527199360e-01 1.195027220043989757e+00
5.501158763777269645e-01 1.191429789281233997e+00
5.737059135195765602e-01 1.192895975473563963e+00
5.903199699989941651e-01 1.191898403066642409e+00
