5.187107829426876870e-01 1.188620596050619094e+00
5.230641550844803422e-01 1.205767901975826506e+00
5.163485624320828249e-01 1.185396010617467466e+00
4.994915273744935380e-01 1.184644970334950642e+00
5.254672586661230937e-01 1.189224122140677187e+00
5.178528416848173777e-01 1.201722710922596526e+00
5.282285981167593736e-01 1.195371578395668211e+00
5.058326078047297170e-01 1.197097148860444493e+00
5.031650470179738210e-01 1.184280691320877876e+00
4.923398080693017209e-01 1.185420751400666273e+00
4.968913606379299908e-01 1.196673356548316303e+00
5.224404546258129001e-01 1.185687071570519446e+00
5.149027283850381442e-01 1.186561069102118005e+00
5.188731011920674208e-01 1.199306706196340500e+00
5.306288774151449728e-01 1.206763103994983544e+00
5.102719236644521761e-01 1.209144250344058369e+00
5.006271117567175910e-01 1.198055313135588884e+00
5.109161246308803195e-01 1.202568280623484753e+00
4.839395385420426354e-01 1.189981552940865717e+00
5.020058603974133504e-01 1.194238038233915944e+00
5.122977434172321098e-01 1.194676762827102889e+00
5.081361552279782812e-01 1.198804742733783568e+00
5.274386973288056613e-01 1.195905783232029895e+00
5.060518957915459692e-01 1.179786451646657186e+00
4.964434104301431727e-01 1.189489847274208367e+00
5.070366520187443715e-01 1.187215037869817635e+00
5.171168338223169902e-01 1.192225084551853831e+00
4.778313526588099935e-01 1.170016599470051544e+00
5.174110607698647613e-01 1.217178009778973280e+00
5.108549170362026715e-01 1.194860385433461847e+00
5.040287358989138378e-01 1.203990680752181186e+00
5.207302137956349997e-01 1.218759610908092039e+00
4.947406705405676952e-01 1.192169877440652392e+00
5.110943003117481842e-01 1.192372423009854909e+00
5.160696987029664839e-01 1.194903538566798984e+00
5.204610109520966255e-01 1.181837384378603417e+00
5.242686834010473751e-01 1.211673863786269845e+00
4.988597836165933330e-01 1.179995180598279347e+00
4.940292033330827559e-01 1.191816272001654298e+00
