2.480188572472970360e-05 9.938496553587210312e-05
2.295012630589609638e-05 1.326787120112255653e-04
2.826624576976447434e-05 9.106451860564124029e-05
3.474720992729843605e-05 1.134837438281876128e-04
2.913177161803353284e-05 1.066222161322561590e-04
2.142871830688419021e-05 1.328879965139609116e-04
2.992145200433420671e-05 9.302420245787409677e-05
2.679921271038237751e-05 1.235758692694811391e-04
2.174464734461555149e-05 1.433346297588677823e-04
2.500396192976900436e-05 9.323030515864931284e-05
1.954899995614420375e-05 1.170161043598536504e-04
2.616621428299418058e-05 1.271824884866015000e-04
2.435538714645078877e-05 1.124582305631074107e-04
2.558374639803630586e-05 1.472050271432933613e-04
2.177121359892258533e-05 1.573067436892735627e-04
2.162596094820268432e-05 1.651698091041493247e-04
2.269571898681645619e-05 1.111472898033889263e-04
2.502503397888418499e-05 1.415422516193051250e-04
2.465808527410154487e-05 1.047073837005374063e-04
2.501124619367208897e-05 1.243620886098516199e-04
2.158524123861643194e-05 1.175716031128057126e-04
2.459925924551428661e-05 1.082968106327852030e-04
2.435058673082650022e-05 1.407334180787459758e-04
3.737458642725271016e-05 7.011320115048604951e-05
2.930054592010029104e-05 9.127044211158624450e-05
2.651908516041614165e-05 1.378187495289443095e-04
2.394208812900276164e-05 1.674998703101273950e-04
2.633705384013119446e-05 1.219341818844225505e-04
2.287509574264916750e-05 1.627655712821137282e-04
2.192798339755413210e-05 1.631355330745131501e-04
2.287878823138156335e-05 1.344599386369280244e-04
2.218888763675310960e-05 1.793330616869541277e-04
2.794612665133158310e-05 8.936029584300601565e-05
2.242057318447351961e-05 1.072822487901963645e-04
2.384580855656510539e-05 1.357581269496012865e-04
2.926918828266763191e-05 9.837571901483397891e-05
2.412721172894635114e-05 1.546237300390921395e-04
2.738402086264097140e-05 1.134818995548631004e-04
2.682093810954694040e-05 1.030736049421726022e-04
