5.786031594359446473e-01 1.204370929136322710e+00
5.811125850654260683e-01 1.214215625065581339e+00
5.694827975396599129e-01 1.183892501621209625e+00
5.530130127639399928e-01 1.181205093344432910e+00
5.833036437620428005e-01 1.195358803654329893e+00
5.720703822544743744e-01 1.213931279244241601e+00
5.807939357038784944e-01 1.197156186667571287e+00
5.664622027409165206e-01 1.219828752695514495e+00
5.645231172438469613e-01 1.204762199281453894e+00
5.472108984311262470e-01 1.188199652064603873e+00
5.531954127092613138e-01 1.208507883162177166e+00
5.864473050012275479e-01 1.199594907376823283e+00
5.738847687117913932e-01 1.201188039748502634e+00
5.782027682860935158e-01 1.213295062804450763e+00
5.889709287914393077e-01 1.225794931868553039e+00
5.595612577002695431e-01 1.208170128637320984e+00
5.572370796272974047e-01 1.209981184196341486e+00
5.674656360955925294e-01 1.208316850210269022e+00
5.408444374837230173e-01 1.191050878855056228e+00
5.588907368557338717e-01 1.193491687982803251e+00
5.664799649841418816e-01 1.195500043296442882e+00
5.628727132658581933e-01 1.198797688659749783e+00
5.851402697085706928e-01 1.208512997358134777e+00
5.496720732849650348e-01 1.169317692332793035e+00
5.450993975733727792e-01 1.180211435057635816e+00
5.630967388665699680e-01 1.191878451697782282e+00
5.787194404952148430e-01 1.208976549252230859e+00
5.449855292055539868e-01 1.189122574518442832e+00
5.708815073501815052e-01 1.227067911649834420e+00
5.711968451961878523e-01 1.216924813054451660e+00
5.605808684260065178e-01 1.214526114037332016e+00
5.718394609721562105e-01 1.228774260700032928e+00
5.488326526788241955e-01 1.189636899784854318e+00
5.707123256836544867e-01 1.203337312997909248e+00
5.723434300147532960e-01 1.201194253079959751e+00
5.770828191627468406e-01 1.185005026425002495e+00
5.798460285634946532e-01 1.222845883645827358e+00
5.605361206439756216e-01 1.187853551978675481e+00
5.501158763777269645e-01 1.191429789281233997e+00
