2.824453664422313463e-05 8.434325159803286926e-05
2.528252034103279687e-05 1.231013529984851509e-04
3.409205412524522494e-05 7.282672179285914853e-05
4.243908824359732317e-05 9.838750254801964252e-05
3.377166709357117095e-05 9.222620956280566076e-05
2.056383962562355729e-05 1.103585942559320632e-04
3.604234879625148921e-05 8.172092005926347353e-05
2.827948962015482923e-05 1.162186313011081954e-04
2.334087614632595107e-05 1.183259653478028914e-04
2.604679223960534366e-05 7.653837609703595206e-05
2.271854572923354013e-05 8.274822245049915726e-05
2.753225606937151416e-05 1.048772115404353344e-04
2.869714668760331417e-05 9.456665497811567796e-05
2.413607137686981174e-05 1.173349640715726938e-04
2.347411791512709744e-05 1.205931373185995952e-04
2.405605296047526383e-05 1.144042451571770680e-04
2.511255302682506132e-05 8.415331973219032776e-05
2.462038490509658672e-05 1.161811395232013059e-04
3.146889090831773815e-05 9.688263625671440023e-05
2.835185040962909600e-05 1.093349707983460835e-04
2.273258649441937382e-05 9.127712857588037108e-05
3.088595190402661082e-05 1.041682108021120496e-04
2.490086947331174752e-05 1.078801630227793076e-04
5.511015748040599347e-05 6.743656204898283127e-05
4.110593310554584061e-05 9.723360965787992071e-05
2.831293545145938277e-05 1.004115058300294853e-04
2.406396830302105408e-05 1.119234780441107313e-04
2.899118520500168893e-05 8.514948672230103390e-05
2.210773708186001483e-05 1.197961621406298235e-04
2.317182334127491098e-05 1.365318667752120276e-04
2.350915816855721218e-05 1.059761598950785446e-04
2.122540444915599768e-05 1.208085138478829306e-04
2.942046446963363863e-05 7.793979702439221839e-05
2.825096260296687189e-05 8.755733278919267592e-05
2.610394907825187838e-05 1.020650898943598251e-04
3.534306891147239116e-05 8.486512803647087880e-05
2.599891005448975155e-05 1.254620782427302600e-04
3.074974198689542750e-05 7.848143975034851765e-05
3.167727235448532046e-05 9.641899659235952393e-05
