3.543770454441208230e-05 7.399388681747953896e-05
2.606585615963955441e-05 9.642143622289776016e-05
3.806200803055402783e-05 6.063865029548446469e-05
5.299640594369220691e-05 8.288250654752667222e-05
4.135579610913615363e-05 8.027349102714359617e-05
2.623978841745225262e-05 8.977091501499201464e-05
4.600670928039245504e-05 7.352665407899201865e-05
3.126019630705707179e-05 7.877417741004566736e-05
2.733080962104950419e-05 9.194095362796441382e-05
3.591448699591715980e-05 6.699028019628966684e-05
2.789188528568578034e-05 7.567944426941108666e-05
3.210002653252585862e-05 7.700713851614884441e-05
3.654196070674799499e-05 7.675102869011575101e-05
3.068009674913773130e-05 9.388100709375682027e-05
2.658156625559541741e-05 9.491914245585950398e-05
2.552759610022769602e-05 9.007554535199994864e-05
3.162723916393168124e-05 7.871644351608787944e-05
3.409528203943487526e-05 1.083274898177593589e-04
3.964516279131000446e-05 8.536338388077143857e-05
3.500247203566444332e-05 9.330008008587334877e-05
2.699437952864597751e-05 7.377478166762369677e-05
4.221147933350037466e-05 9.348910488245310382e-05
2.793573422301158168e-05 8.039037418132388647e-05
7.191902259480657355e-05 6.521233601962747204e-05
4.732963301071680849e-05 7.153562601178697618e-05
3.738476104245563750e-05 8.711310014578892342e-05
2.923916804201463190e-05 9.889754066810330438e-05
3.670370369555006336e-05 7.988630629654951208e-05
2.697273324276470833e-05 1.153182616575512535e-04
2.509063157187579334e-05 9.956489890799151031e-05
2.756091636569115328e-05 9.136582066562650979e-05
2.491986012461508296e-05 9.959227637590671632e-05
4.310807310768181557e-05 7.667617350765946181e-05
3.366039350195432797e-05 8.381091745912466198e-05
2.943132051206428688e-05 8.795060480085812736e-05
4.258573850729905556e-05 5.980994327217380608e-05
3.055173305406012739e-05 1.158371724151668832e-04
4.093456464707596740e-05 8.349726226896936321e-05
3.666532873174352256e-05 7.388051574380231066e-05
