6.552858271826778047e-01 1.263278620334535418e+00
4.954226426670578221e-01 1.212113878069323247e+00
4.974621573295211485e-01 1.205558632334296165e+00
9.952563548225432655e-01 1.336694454277640887e+00
4.537294652372412251e-01 1.178788517754151943e+00
5.187993405906423661e-01 1.212969317746953379e+00
5.878237037704098222e-01 1.228558638608738596e+00
5.530625562688590291e-01 1.243254492513473419e+00
4.937373321387951153e-01 1.213048207723511407e+00
6.537250416765340022e-01 1.270484733080327944e+00
4.298380047661686243e-01 1.190733153878226425e+00
4.610500339754857180e-01 1.184131059437609990e+00
5.111649664952044869e-01 1.205058269568787699e+00
5.044742990072782485e-01 1.209225970459561594e+00
5.008982525254642715e-01 1.202310677012947249e+00
4.713791186204425721e-01 1.202338836255199439e+00
4.412791928031291055e-01 1.192129734834475929e+00
4.799630082001598574e-01 1.204006450419733643e+00
5.229577264103043577e-01 1.238370670012165942e+00
4.812202504518131030e-01 1.212515531743229680e+00
5.257673735990191499e-01 1.223382051159055406e+00
4.722730712977250001e-01 1.212746105489587611e+00
5.064608778390576882e-01 1.201171209091955072e+00
1.082472984142032191e+00 1.316936375742989718e+00
4.039304949312464421e-01 1.187795488575200009e+00
5.357869181825986038e-01 1.220220302737442974e+00
4.641610302710486580e-01 1.183269898344931903e+00
5.345220327111342984e-01 1.231253522610638251e+00
4.784451786757085157e-01 1.210504226165938446e+00
4.916505201567699657e-01 1.204149226929359662e+00
4.901273779608951719e-01 1.222093120994123261e+00
4.576384362563977182e-01 1.189483274562495918e+00
4.845622624726456107e-01 1.221576351861711984e+00
4.645182505475021206e-01 1.203821552355935687e+00
4.881345143013561261e-01 1.202734420127384185e+00
5.750850527427724401e-01 1.226798345247866795e+00
4.740763132532084256e-01 1.201147251769350888e+00
5.607876475591502263e-01 1.241559819080906069e+00
4.906478893888140402e-01 1.222454447875163552e+00
