4.944609028191794819e-01 1.198338827101198767e+00
4.919554417029940452e-01 1.207644455165165942e+00
4.813485440344208999e-01 1.191499427898406349e+00
4.952761822245865253e-01 1.214208757222322133e+00
4.921570464286801894e-01 1.194278410667340529e+00
4.890722157482134125e-01 1.195632020590815303e+00
4.978303187542097441e-01 1.195454447515999608e+00
4.597186729859173981e-01 1.193654719791301222e+00
4.809267998140291933e-01 1.202932545880252890e+00
4.705399044708484246e-01 1.201267103596718400e+00
4.607858385969906823e-01 1.197918262236682851e+00
4.825317439399932629e-01 1.188588801162759667e+00
4.800254964517403078e-01 1.188040260527413405e+00
4.790100962708800370e-01 1.189931792003267264e+00
5.012186659071914407e-01 1.202390433928384406e+00
4.694685957601250070e-01 1.193793364274894353e+00
4.670717413020702979e-01 1.199134834553983842e+00
4.793897982328251817e-01 1.198538420436471963e+00
4.490122626410776308e-01 1.195733748669516983e+00
4.542609365866027704e-01 1.187968144210304278e+00
4.919975722109469762e-01 1.204713747040567551e+00
4.774971820263685940e-01 1.205568386719620522e+00
5.016704545157507633e-01 1.199670445913071370e+00
5.038278342432617185e-01 1.202402567033846958e+00
4.565014232055666366e-01 1.198307534499758020e+00
4.655283991970930457e-01 1.184037525119909118e+00
4.771543068894235629e-01 1.184428142858841904e+00
4.394422187524055778e-01 1.181948124420732160e+00
4.771409314766135723e-01 1.202651337134577059e+00
4.723230451122549800e-01 1.189873040309546992e+00
4.721783670084924722e-01 1.205665266342508257e+00
4.789652330275010472e-01 1.197951577650161248e+00
4.499107294377904243e-01 1.191936296079003643e+00
4.798705414346248754e-01 1.201343344967106486e+00
4.877051481094145657e-01 1.200461286167659569e+00
4.791108485889308266e-01 1.186977256994603325e+00
4.864666435311591486e-01 1.201618691112156911e+00
4.723960159034878981e-01 1.197110638950920736e+00
4.501763135308523012e-01 1.194604064810781408e+00
