1.845917841007655192e-05 4.091793797320027800e-05
1.424412417598367360e-05 5.982043410702565583e-05
2.027943234301940752e-05 3.913990526162416565e-05
2.273362039491591492e-05 4.853044218268515257e-05
2.124182209664062898e-05 4.397225503395758069e-05
1.360011417902237724e-05 4.574612624874671899e-05
2.185298747136912913e-05 4.247736713282176328e-05
1.552949576881653641e-05 4.601908828312755421e-05
1.490434799363130519e-05 4.810034785949228637e-05
1.833962413376639616e-05 4.227695862163625387e-05
1.622603901988102558e-05 4.599523310395631969e-05
1.795530794604787990e-05 4.443663890910717201e-05
1.659899759120423665e-05 4.325837257450710564e-05
1.524981671502106470e-05 4.621462558786891035e-05
1.397986143135294945e-05 4.861219518026331044e-05
1.521736109767591535e-05 5.045358581330931964e-05
1.533780414775856357e-05 4.234976747466558344e-05
1.542303067365051385e-05 4.914818757773312222e-05
1.834857582917837440e-05 4.548667831731472295e-05
1.714775229168513722e-05 5.011727554604924269e-05
1.607837004820765337e-05 4.325053930091786881e-05
1.595262960032119083e-05 4.190904314419657047e-05
1.640565022809378326e-05 4.171407737492399394e-05
3.185532689591934967e-05 4.095179491790774479e-05
2.092802634026646517e-05 4.709895217094226650e-05
1.722575807686314972e-05 4.652619104234733484e-05
1.638410772012338689e-05 4.982624516641618082e-05
1.844508163009806045e-05 4.545710728417220970e-05
1.453286208473242972e-05 4.886388070369274996e-05
1.379487386867995858e-05 4.776548545562880145e-05
1.483432226639077069e-05 4.491172416997604423e-05
1.510583842812942105e-05 5.088923295352173435e-05
2.068702260623484702e-05 4.982468401992422790e-05
1.666751430917522931e-05 4.457620069663737725e-05
1.566095201253988234e-05 4.829079412147609725e-05
2.200400882536387930e-05 3.602174332494556769e-05
1.436430889030355851e-05 4.580532007424338792e-05
1.828470222209123248e-05 4.044392541719908765e-05
1.903769866427145721e-05 4.278392901613738857e-05
