1.864633393627181367e-05 4.585400088164014366e-05
2.041679688604434371e-05 7.021491863820501767e-05
1.844907836183664140e-05 4.646423234060908760e-05
1.809740182146234391e-05 4.694767254543541572e-05
1.871954757250235689e-05 4.906050028715436972e-05
1.895751878734982528e-05 5.729317934832326993e-05
1.776197411246707562e-05 4.364863907616241842e-05
1.678694379504359414e-05 5.332354338850072410e-05
1.752755214633076929e-05 5.836686978883869417e-05
1.647299465489304374e-05 5.173788632771937813e-05
1.786888436306822877e-05 5.577125799887320656e-05
1.949166249739209313e-05 4.883843098108203544e-05
1.603740462100438816e-05 5.506065131375387060e-05
2.125553684462585768e-05 5.612145375941200286e-05
1.742871761129831921e-05 5.649301569517933049e-05
2.000752400096707795e-05 5.826493522905669691e-05
1.496343300021176673e-05 4.997638911205701218e-05
2.184679811070548179e-05 5.841328889519698800e-05
1.736968708187246844e-05 4.687591397202891332e-05
1.809806479232117178e-05 5.973184097201177670e-05
1.681754548739035330e-05 5.372732797948194788e-05
1.787048668666903366e-05 4.490184259911088864e-05
1.897000417112998361e-05 5.109242132034009815e-05
2.163928690319865812e-05 4.307886782365305734e-05
1.683820303309893968e-05 5.170563922997750396e-05
1.750209232170809169e-05 5.519135697344031008e-05
1.882231244294771489e-05 6.550599440075786678e-05
1.683578826253120380e-05 5.049874201757909790e-05
1.967205179084139839e-05 5.710027893623237345e-05
1.895139906157632061e-05 5.787499345193640584e-05
1.778749355924679447e-05 5.936287855206374574e-05
1.860665358558062643e-05 6.513912565121145529e-05
1.993322379944206950e-05 5.030832987118899209e-05
1.817906603098801984e-05 4.980556402750942565e-05
1.711655757099809003e-05 5.523449837928030230e-05
2.033091830146312016e-05 4.240096770114688981e-05
1.779872002456633486e-05 5.824829742110711325e-05
1.671451458139943625e-05 4.740916201421392038e-05
1.748079229472701662e-05 4.841954099027954305e-05
