6.041363584163441658e-01 1.218677488171417522e+00
6.100127093727799599e-01 1.234330641830672981e+00
5.965443299769779273e-01 1.198363160767131896e+00
5.814904215153787748e-01 1.199685341723297105e+00
6.106430842694461347e-01 1.209618321338753910e+00
5.995569968403146044e-01 1.235478122237692267e+00
6.075881552320923085e-01 1.213328858198662985e+00
5.829575449398854969e-01 1.206799812432892027e+00
5.895055413587790838e-01 1.218362995463388554e+00
5.703692510024782614e-01 1.197144348688272464e+00
5.787045653152881330e-01 1.220729474333470899e+00
6.135875451593296726e-01 1.214180174203028484e+00
5.974483849099764265e-01 1.214232993991889220e+00
6.023621742270632851e-01 1.222120702628738620e+00
6.156856838915255592e-01 1.242889391141975164e+00
5.830400432294511326e-01 1.214183609919804008e+00
5.800725693537375216e-01 1.212990480684351446e+00
5.939296510949199082e-01 1.228764943302657953e+00
5.644168776256129894e-01 1.197293711892328805e+00
5.874329905022906972e-01 1.211774123976180340e+00
5.946203651893866571e-01 1.221018723176162446e+00
5.886950985812721138e-01 1.213068027406101423e+00
6.126218747376719342e-01 1.235283976067603540e+00
5.693296311228678297e-01 1.170255194501673479e+00
5.730976629370977404e-01 1.193234976794154800e+00
5.916388803058370005e-01 1.210923510528256530e+00
6.046896668723716894e-01 1.227428271282976713e+00
5.665234343421382546e-01 1.191060640986947972e+00
5.946193524733089930e-01 1.238974741405882707e+00
5.940614841804117141e-01 1.224565140204481484e+00
5.832179743768785007e-01 1.223416522495608172e+00
5.948783886150890154e-01 1.234582060950921267e+00
5.717003242467744162e-01 1.195696793223553822e+00
5.953211697866001018e-01 1.212376537778840468e+00
6.027228273728107988e-01 1.230822357527051603e+00
6.064837506911023857e-01 1.206636982128579616e+00
6.046372679399741878e-01 1.233620169671708844e+00
5.867737693153447509e-01 1.203652401613017009e+00
5.754495172397023905e-01 1.200353301511581261e+00
