3.118685007162798947e-03 3.415257913905496304e-04
1.194882858832648338e-04 6.157524997266187918e-05
2.428278921258146533e-05 3.669394234317044449e-05
2.074087446519418308e-05 3.721385653443562023e-05
1.865581148521456214e-05 3.843341545974167199e-05
1.845917841007655192e-05 4.091793797320027800e-05
1.605794032027484669e-05 4.433689079989088639e-05
1.723663713685727981e-05 4.770898079273440710e-05
1.864633393627181367e-05 4.585400088164014366e-05
1.959985079239811773e-05 4.732137263992063265e-05
4.742182741973017916e-04 1.345121362536319011e-04
5.997320247900273817e-05 4.576099911068339616e-05
1.803609380882000029e-05 4.679660922669818000e-05
1.646907177360478110e-05 5.043760333222050590e-05
1.529315588506846178e-05 4.816816225358389714e-05
1.424412417598367360e-05 5.982043410702565583e-05
1.480068215600986506e-05 5.720449674359300588e-05
1.712026603719230163e-05 6.561182159063224382e-05
2.041679688604434371e-05 7.021491863820501767e-05
2.216356780073935976e-05 6.719439438834416082e-05
3.791673118856597486e-03 5.500848132846848778e-04
1.734244094464608790e-04 7.797147590466519307e-05
3.126472027862265893e-05 4.165900876800306970e-05
2.814432389271675155e-05 3.962971434837918549e-05
2.194403131955239178e-05 3.724910452492222787e-05
2.027943234301940752e-05 3.913990526162416565e-05
2.068250951037714624e-05 4.221069545082656944e-05
1.928062300577312510e-05 4.525396398323325276e-05
1.844907836183664140e-05 4.646423234060908760e-05
1.756128320915556636e-05 4.587881027761670790e-05
5.350097451409386445e-02 1.663600044513126579e-03
3.846690423480263708e-04 1.266112137583038884e-04
4.103949220635493618e-05 4.895182068112996645e-05
3.265544001486593833e-05 4.438677381067028304e-05
2.759669448309500574e-05 4.221764107705638897e-05
2.273362039491591492e-05 4.853044218268515257e-05
1.887341926313093065e-05 4.458611667889935380e-05
1.809835697813777988e-05 4.608925865200812867e-05
1.809740182146234391e-05 4.694767254543541572e-05
1.988329189297425103e-05 5.043812944117423755e-05
1.608035187193036526e-03 3.258045494680004094e-04
1.272452719710833553e-04 6.302133601129667276e-05
2.627689353273155671e-05 3.990793423189970202e-05
2.515490988505849577e-05 4.436193368750002760e-05
2.112505383430521690e-05 4.329176152988891530e-05
2.124182209664062898e-05 4.397225503395758069e-05
1.846602258587814021e-05 4.603373120794280489e-05
1.846405051932718060e-05 4.731018736632826923e-05
1.871954757250235689e-05 4.906050028715436972e-05
2.037998874522069682e-05 5.578748082349936947e-05
5.861137647017318182e-04 1.483050969525079223e-04
6.364222988475323999e-05 5.089823459169008770e-05
1.672568228538463662e-05 4.732701227701558854e-05
1.556426072852936177e-05 4.584899504777912340e-05
1.456570363703029297e-05 4.731298612314184727e-05
1.360011417902237724e-05 4.574612624874671899e-05
1.494790796303709141e-05 5.078971883219476148e-05
1.646074309673094989e-05 5.888690975299844439e-05
1.895751878734982528e-05 5.729317934832326993e-05
2.046096828464673845e-05 6.210567322098655590e-05
5.082431320627162075e-03 5.295058338921890175e-04
1.819909936625093002e-04 7.508597293150904314e-05
3.215003433366389130e-05 3.936605842477357980e-05
2.557541076167382183e-05 3.926881394355826192e-05
2.208333176114108635e-05 4.266217326451631994e-05
2.185298747136912913e-05 4.247736713282176328e-05
1.877118916474719405e-05 4.124133050330899971e-05
1.751800778310539863e-05 4.287750224117166208e-05
1.776197411246707562e-05 4.364863907616241842e-05
1.804026716847164510e-05 4.465394767541726681e-05
2.334942455533373616e-03 3.403731281291644392e-04
1.144954020870471504e-04 6.658396817759505747e-05
2.206465045204396619e-05 4.152087733549223505e-05
2.039124418553227655e-05 4.721095905491808618e-05
1.653812024246591349e-05 4.526186291948242351e-05
1.552949576881653641e-05 4.601908828312755421e-05
1.541420093249890594e-05 5.180273413203680794e-05
1.558532333261740827e-05 5.248945518568550193e-05
1.678694379504359414e-05 5.332354338850072410e-05
1.759937782216597761e-05 5.820700031479991027e-05
6.865438653036778482e-04 1.742422376609603727e-04
5.999074465087908526e-05 4.891764037022593457e-05
1.835046281964668744e-05 4.397057782991499334e-05
1.584531805158136708e-05 4.143596278079645859e-05
1.431389067297571283e-05 4.293882237630254861e-05
1.490434799363130519e-05 4.810034785949228637e-05
1.504187385159156532e-05 5.294935311430274896e-05
1.531735206061570257e-05 5.271316284713823493e-05
1.752755214633076929e-05 5.836686978883869417e-05
2.106760995267724032e-05 5.847479809349168757e-05
1.215570809751428775e-02 9.141823207184220177e-04
2.489520565504010105e-04 1.007819555984769449e-04
2.581766164940339463e-05 3.897218381353738121e-05
2.314169426632635505e-05 4.328559233904045734e-05
2.064171505909679784e-05 4.313017939922539665e-05
1.833962413376639616e-05 4.227695862163625387e-05
1.720464059591802656e-05 4.522665215069196623e-05
1.785681842764402192e-05 4.382220981192835787e-05
1.647299465489304374e-05 5.173788632771937813e-05
1.681404255599894552e-05 5.006596375130651841e-05
9.435830590022515523e-04 2.549402565161381870e-04
8.578388909145351067e-05 5.984607690169323408e-05
2.025943530949971346e-05 4.166568603766233566e-05
1.822262915566846042e-05 4.128565748942943255e-05
1.657936581554630005e-05 4.502384447543403116e-05
1.622603901988102558e-05 4.599523310395631969e-05
1.523641946996530642e-05 5.159461096205570128e-05
1.562488716759692851e-05 4.960458604211213804e-05
1.786888436306822877e-05 5.577125799887320656e-05
1.880994990266021482e-05 5.434098104752557024e-05
7.090776868634558836e-04 1.818244355398812323e-04
8.453211387390489016e-05 5.909955974183488429e-05
2.075536473913068664e-05 4.132040717024295398e-05
2.061395952498281872e-05 4.172111931398078991e-05
1.700409114187400450e-05 4.285429381849623938e-05
1.795530794604787990e-05 4.443663890910717201e-05
1.590964464199906239e-05 4.739691097358899458e-05
1.816341655598639914e-05 4.688502040983877253e-05
1.949166249739209313e-05 4.883843098108203544e-05
2.115302506772512303e-05 4.756188058791045226e-05
1.720099829814395040e-03 3.008736712858012014e-04
1.228087803306507299e-04 6.743926579871772800e-05
2.409508395211594541e-05 4.289507063525047168e-05
2.188014754434615319e-05 3.807217160337718960e-05
1.955525203734833655e-05 4.419684550946570623e-05
1.659899759120423665e-05 4.325837257450710564e-05
1.530190678580663406e-05 4.230223215918712051e-05
1.631294794682514412e-05 4.891882191166118917e-05
1.603740462100438816e-05 5.506065131375387060e-05
1.860097595720510162e-05 5.468579523928416869e-05
6.289628875786482196e-04 1.581242210384263243e-04
7.042204704731282053e-05 5.714186882945344420e-05
2.011206978692948354e-05 4.654708404126231877e-05
1.794346978490430413e-05 4.478013935963304047e-05
1.512360799873672208e-05 4.627602227313958619e-05
1.524981671502106470e-05 4.621462558786891035e-05
1.454910518484724759e-05 5.098239639476874870e-05
1.685863181316659437e-05 5.217698798721161771e-05
2.125553684462585768e-05 5.612145375941200286e-05
2.230245861511318884e-05 5.797137603518254988e-05
3.593940578631070145e-04 1.094509754910076094e-04
4.951143892596472103e-05 4.512375024614418957e-05
1.643743573342683375e-05 4.343572865234021337e-05
1.674058263225260297e-05 4.471812311922945972e-05
1.464124581068009000e-05 4.632664495566725203e-05
1.397986143135294945e-05 4.861219518026331044e-05
1.350820146264519952e-05 5.375126391515572141e-05
1.587039998168633762e-05 5.752594025919050333e-05
1.742871761129831921e-05 5.649301569517933049e-05
2.003729582217201363e-05 5.930408305088538955e-05
6.433554192992547906e-04 1.853250996645753039e-04
6.806071660234312064e-05 5.447469056615003352e-05
2.003562025160541421e-05 4.796975057216751608e-05
1.588322646533540684e-05 4.935794015022201142e-05
1.522398045722434006e-05 5.032043608873728441e-05
1.521736109767591535e-05 5.045358581330931964e-05
1.505307486023719527e-05 5.856677720696929564e-05
1.718315726211662315e-05 6.688385764929030794e-05
2.000752400096707795e-05 5.826493522905669691e-05
2.252799394375791224e-05 6.499054046956837763e-05
1.566969209683834619e-03 3.535112641598991252e-04
1.109493569554711876e-04 6.774076174806336150e-05
2.035160213616731464e-05 3.960477975911682257e-05
1.929803102010976701e-05 4.166309726716305092e-05
1.770881893102833402e-05 4.746858630769708125e-05
1.533780414775856357e-05 4.234976747466558344e-05
1.327931818839360475e-05 4.375060165998215017e-05
1.435850723004338673e-05 4.716362638917780673e-05
1.496343300021176673e-05 4.997638911205701218e-05
1.650812155627840811e-05 4.995514030783854088e-05
8.816812296844550936e-04 2.169290650722190529e-04
8.411371321417987989e-05 5.998380916225924870e-05
2.063455861445087880e-05 4.342097031456102754e-05
1.851100480650982760e-05 4.731413137265914469e-05
1.729097896884961477e-05 4.552550574807607696e-05
1.542303067365051385e-05 4.914818757773312222e-05
1.737448568734315730e-05 5.364583252934330786e-05
1.709565094133738369e-05 5.770187151810583337e-05
2.184679811070548179e-05 5.841328889519698800e-05
2.147399863375628793e-05 6.472244176186535078e-05
7.371259848773447157e-03 8.724962527464173853e-04
1.871394925158279649e-04 8.877547179263966745e-05
2.614624769132123296e-05 4.305037924532818496e-05
2.393270871596587501e-05 4.693767573100717492e-05
1.959002381984642537e-05 4.357989380285828184e-05
1.834857582917837440e-05 4.548667831731472295e-05
1.664699787156325873e-05 4.703752417695908469e-05
1.690068654674196352e-05 5.005531504755712156e-05
1.736968708187246844e-05 4.687591397202891332e-05
1.838729441877017825e-05 5.271934587342596364e-05
1.336465592300744047e-03 2.739131912905959170e-04
1.016308221555823845e-04 6.467346998979242763e-05
2.213335120203202159e-05 4.421472967055779471e-05
2.088799623345651344e-05 4.607177563404613984e-05
1.912621119697676653e-05 4.767996236153771789e-05
1.714775229168513722e-05 5.011727554604924269e-05
1.696221218398017195e-05 5.627736716333892042e-05
1.798552536512661745e-05 5.307241370009686034e-05
1.809806479232117178e-05 5.973184097201177670e-05
1.982353912590435714e-05 6.528923355182003228e-05
1.219060007130313159e-03 2.403923399156995355e-04
9.102999877727663519e-05 5.760142526133863497e-05
2.108593796973027282e-05 4.303656176328828434e-05
1.887553274627552536e-05 4.244829837307434635e-05
1.571085225996817172e-05 4.329243781925221844e-05
1.607837004820765337e-05 4.325053930091786881e-05
1.612127747644515155e-05 4.887699538499157146e-05
1.571983592604207035e-05 4.952147727576608450e-05
1.681754548739035330e-05 5.372732797948194788e-05
1.786354771760120485e-05 5.252245962888677270e-05
2.261803578091749981e-03 4.231781049138081297e-04
1.283600292488431454e-04 7.094913939224708154e-05
2.547171916304351606e-05 3.878263874311264431e-05
2.118438338575630742e-05 4.340627715573413788e-05
1.694084295602102594e-05 4.077479913446862024e-05
1.595262960032119083e-05 4.190904314419657047e-05
1.486903238459410554e-05 4.281303546569268417e-05
1.637228220582545189e-05 4.271420664436217609e-05
1.787048668666903366e-05 4.490184259911088864e-05
1.894926079598739665e-05 4.579732163664804921e-05
6.300302659576870364e-04 1.615912537412870608e-04
7.087001075025168586e-05 5.627056840645889912e-05
1.978181613554376534e-05 4.324244925173890199e-05
1.816632589252723348e-05 4.407255477338206673e-05
1.663430288960441298e-05 4.088365813154316099e-05
1.640565022809378326e-05 4.171407737492399394e-05
1.711442004786557235e-05 4.601018331566936111e-05
1.810434739196044822e-05 4.696446832115801700e-05
1.897000417112998361e-05 5.109242132034009815e-05
2.098767923060196352e-05 5.276844229139286880e-05
2.581236467108790067e-01 5.385793778799987871e-03
8.995750258567280057e-04 1.919284051606323757e-04
7.142509421713707748e-05 5.360390741387751246e-05
5.444756396151151248e-05 4.865389217134717914e-05
4.079635376057128601e-05 4.332588020658940795e-05
3.185532689591934967e-05 4.095179491790774479e-05
2.806389576185642582e-05 4.274548980455359021e-05
2.436404618859612596e-05 4.412835479168814316e-05
2.163928690319865812e-05 4.307886782365305734e-05
2.123787992125840507e-05 4.526347588458056544e-05
6.372272350390915073e-03 1.110060429074311841e-03
2.561481118818752256e-04 1.069877906328423284e-04
3.508951626482057564e-05 4.344315867477604738e-05
2.891355581923020954e-05 4.546641313104761602e-05
2.402182985159389810e-05 4.478346000212313856e-05
2.092802634026646517e-05 4.709895217094226650e-05
1.936313666451238650e-05 4.490317690643170356e-05
1.763004289186435183e-05 5.027204402799251054e-05
1.683820303309893968e-05 5.170563922997750396e-05
1.873599623502455872e-05 5.060814064198511917e-05
2.525327084970863199e-03 3.714888278797318956e-04
1.081335025802012138e-04 6.045392751661196872e-05
2.307684156739528357e-05 4.301358273011257318e-05
2.165015898595155810e-05 4.763173417422648443e-05
1.893534277121072150e-05 4.503503614586506045e-05
1.722575807686314972e-05 4.652619104234733484e-05
1.552708380598644142e-05 4.607539334398408148e-05
1.606235038028806293e-05 5.218309032697866274e-05
1.750209232170809169e-05 5.519135697344031008e-05
1.792344504033047256e-05 5.961796783435579188e-05
4.323804007711472296e-04 1.350597474296791388e-04
5.478297975531991586e-05 4.799773293103905638e-05
2.009397869694165418e-05 4.948105361541529901e-05
1.546654313974935984e-05 4.679462251474614471e-05
1.468451503147258400e-05 4.979068444310325714e-05
1.638410772012338689e-05 4.982624516641618082e-05
1.612718490379470528e-05 5.874673687248066603e-05
1.673274130140149754e-05 5.961182325946318014e-05
1.882231244294771489e-05 6.550599440075786678e-05
2.110721880319399408e-05 6.622486808828382762e-05
7.357652409378954463e-03 8.644261215975044795e-04
1.688659841717054795e-04 8.584028141207709049e-05
2.940494680345899015e-05 4.495307822851332924e-05
2.488934129753956175e-05 4.613576607060283210e-05
2.000474498819310764e-05 4.572406650663520536e-05
1.844508163009806045e-05 4.545710728417220970e-05
1.764482388267865894e-05 4.736226375574336588e-05
1.644071551132512431e-05 5.016877448082765326e-05
1.683578826253120380e-05 5.049874201757909790e-05
1.756051518170689024e-05 5.816916681485789152e-05
3.111335265499284462e-04 1.054973321994647373e-04
4.696051314071118094e-05 4.597136372817299857e-05
1.680027952958651830e-05 4.591834113483210311e-05
1.522720758343035940e-05 4.622627900663175716e-05
1.401316123033861085e-05 5.033854317420250038e-05
1.453286208473242972e-05 4.886388070369274996e-05
1.468941928548980092e-05 5.385633396915685481e-05
1.606146600905636001e-05 5.541918263668055170e-05
1.967205179084139839e-05 5.710027893623237345e-05
2.303018370070425360e-05 6.224248269686949951e-05
4.040331753837973685e-04 1.251048431753704125e-04
5.261102482550877001e-05 4.757795797943000404e-05
1.723247808065467163e-05 4.165325984272052394e-05
1.532493100723975092e-05 4.601009555629611989e-05
1.390877954519347710e-05 4.566739630170439266e-05
1.379487386867995858e-05 4.776548545562880145e-05
1.457110574499693301e-05 5.093811940516374779e-05
1.572268845905711713e-05 5.863674528500325298e-05
1.895139906157632061e-05 5.787499345193640584e-05
2.090342564523237101e-05 6.229587006072616936e-05
9.214920650753805152e-04 2.137557669438505388e-04
7.330916607234504309e-05 5.379495557007215315e-05
1.934885593432299989e-05 4.093705968056043177e-05
1.658703209709536959e-05 4.274573284942722538e-05
1.530320017419848467e-05 4.404533002595724199e-05
1.483432226639077069e-05 4.491172416997604423e-05
1.570888860725808451e-05 5.064634330560623566e-05
1.694384553500085126e-05 5.152766978760387547e-05
1.778749355924679447e-05 5.936287855206374574e-05
1.898819467196272536e-05 5.869951879181280798e-05
4.034583664843222582e-04 1.324367933419216608e-04
5.662510774285927224e-05 5.175737534315436348e-05
1.727592455426555412e-05 4.481817672284531837e-05
1.582047584857002102e-05 4.607465095075956969e-05
1.269330078428565547e-05 4.791829889972211621e-05
1.510583842812942105e-05 5.088923295352173435e-05
1.419838330065617383e-05 5.354374548185877837e-05
1.630771523663514125e-05 6.055359208449058157e-05
1.860665358558062643e-05 6.513912565121145529e-05
2.206475522704557160e-05 6.968160527218687588e-05
6.717412519750190665e-03 9.205747046879057512e-04
1.954147218082159093e-04 8.891162707773824934e-05
3.290523894471969371e-05 5.017748499722508371e-05
2.714866951804803562e-05 4.717792255719723395e-05
2.255635548166470266e-05 4.854591017010030218e-05
2.068702260623484702e-05 4.982468401992422790e-05
1.799075408196687155e-05 4.727802145317925686e-05
1.737920276133193923e-05 5.346980652137539347e-05
1.993322379944206950e-05 5.030832987118899209e-05
1.971072523201354497e-05 5.527143078757338528e-05
1.347789550562748231e-03 2.818346460984488431e-04
1.120163150938692021e-04 6.709625574000851176e-05
2.285635903009878189e-05 3.959269487666287277e-05
2.006496641975061138e-05 4.467753401784505982e-05
1.914025763053647190e-05 4.480314302683484638e-05
1.666751430917522931e-05 4.457620069663737725e-05
1.559187688035018856e-05 4.410431844500351732e-05
1.553518386178696025e-05 4.837242143421763919e-05
1.817906603098801984e-05 4.980556402750942565e-05
1.783058634832508112e-05 5.467991037297371823e-05
6.826328274196152108e-04 1.624982184090785985e-04
7.244693768112671849e-05 4.883901451846855811e-05
2.124283450734154661e-05 3.966498464188781864e-05
1.917374891437450640e-05 4.537918361120457617e-05
1.714250502548328195e-05 4.171593125169664967e-05
1.566095201253988234e-05 4.829079412147609725e-05
1.504947604142535738e-05 4.578175871193580114e-05
1.615687422247843145e-05 5.172607580267239279e-05
1.711655757099809003e-05 5.523449837928030230e-05
2.016737492660948184e-05 5.666931557049129694e-05
4.936906922285964200e-03 5.242533180542399782e-04
1.813127659275515138e-04 7.319636130974749679e-05
3.362822199561529450e-05 3.837687883987724166e-05
2.700306029493994826e-05 3.618434527263507232e-05
2.358859874876259127e-05 3.559524920734666054e-05
2.200400882536387930e-05 3.602174332494556769e-05
2.002362358525261945e-05 4.060878027053345510e-05
1.892175987772673804e-05 4.050743986942508093e-05
2.033091830146312016e-05 4.240096770114688981e-05
1.924331202710117698e-05 4.679218378907415118e-05
3.959866499466388533e-04 1.255087185354843724e-04
5.367914985431773532e-05 4.667961639244280894e-05
1.726198190104613741e-05 4.306683549588701757e-05
1.491344205323130796e-05 4.584742542028835574e-05
1.416668321938847857e-05 4.552409894121303761e-05
1.436430889030355851e-05 4.580532007424338792e-05
1.450836154513896298e-05 4.893065252245927071e-05
1.521436534148663052e-05 5.752131199848557335e-05
1.779872002456633486e-05 5.824829742110711325e-05
2.135511203386567596e-05 6.034489805820870728e-05
5.386262520148166026e-03 6.239998105962524201e-04
1.631508855844049973e-04 7.629251877584604629e-05
2.534262006980474578e-05 3.636484414658732692e-05
2.287838489967569317e-05 3.982582323195419619e-05
1.957051651346648237e-05 3.571806445574754869e-05
1.828470222209123248e-05 4.044392541719908765e-05
1.675419634488239901e-05 4.051715681504539709e-05
1.538987677280806757e-05 4.404125246998757764e-05
1.671451458139943625e-05 4.740916201421392038e-05
1.891388022647475046e-05 4.664617963937693499e-05
3.877342802270178444e-03 5.755412589083830658e-04
1.569620287921158464e-04 8.457059734318267440e-05
2.564080190525512191e-05 4.264178899316942346e-05
2.334024237798686585e-05 4.160183754018579558e-05
2.035330223787576174e-05 4.149925144614893330e-05
1.903769866427145721e-05 4.278392901613738857e-05
1.752418148721006686e-05 4.503083288305736364e-05
1.658638968082830925e-05 4.654972109346468842e-05
1.748079229472701662e-05 4.841954099027954305e-05
2.012308928011004541e-05 4.899655188136821084e-05
