5.520204907865844390e-01 1.213126883889738217e+00
5.541491529901361179e-01 1.228618823988815167e+00
5.452636998461202200e-01 1.194895253986048456e+00
5.306212227509385926e-01 1.198609914291552503e+00
5.563437282392781347e-01 1.205784148222446728e+00
5.445344200984834071e-01 1.223068930838185686e+00
5.534407782363303108e-01 1.203424368008539247e+00
5.280978867397185805e-01 1.200669552318702316e+00
5.349878141661411624e-01 1.210749638731258182e+00
5.179689286587737529e-01 1.193318685249298516e+00
5.225601951976098780e-01 1.211890936147329789e+00
5.552004129009717737e-01 1.205113593489888890e+00
5.423608334913938567e-01 1.202557341374141942e+00
5.449766112745166868e-01 1.215380845522481934e+00
5.604391144830976890e-01 1.229630932633259954e+00
5.275788901247236984e-01 1.208015468648035995e+00
5.254683669897881604e-01 1.207114251415630335e+00
5.373275016095901968e-01 1.217687575160264046e+00
5.060357162790919405e-01 1.188813884625340878e+00
5.287437241354976392e-01 1.203693846507265075e+00
5.430155687019322386e-01 1.215539913886736212e+00
5.310055709029076754e-01 1.202947740515663222e+00
5.570686189379636666e-01 1.223555471277577134e+00
5.220200730988596716e-01 1.173871308801856639e+00
5.225907340505632215e-01 1.196736971816596773e+00
5.392687272308455126e-01 1.208326778623940223e+00
5.480582510446585509e-01 1.220422912244733871e+00
5.126702903928642696e-01 1.189355581477240298e+00
5.414059579714293191e-01 1.231328951462763222e+00
5.392408279305385133e-01 1.216498791245690381e+00
5.302882046414932882e-01 1.216973567728584449e+00
5.412213159166592291e-01 1.229011140135632951e+00
5.157760372727349107e-01 1.193231240662598003e+00
5.401705137941846813e-01 1.208014379877752509e+00
5.486609164329343535e-01 1.222571886570903654e+00
5.528130908418973366e-01 1.199678992904505082e+00
5.486158618264456166e-01 1.223117096923241442e+00
5.315070912258577085e-01 1.199597587374301000e+00
5.187537087108886613e-01 1.197198013872776690e+00
