1.723663713685727981e-05 4.770898079273440710e-05
1.712026603719230163e-05 6.561182159063224382e-05
1.928062300577312510e-05 4.525396398323325276e-05
1.809835697813777988e-05 4.608925865200812867e-05
1.846405051932718060e-05 4.731018736632826923e-05
1.646074309673094989e-05 5.888690975299844439e-05
1.751800778310539863e-05 4.287750224117166208e-05
1.558532333261740827e-05 5.248945518568550193e-05
1.531735206061570257e-05 5.271316284713823493e-05
1.785681842764402192e-05 4.382220981192835787e-05
1.562488716759692851e-05 4.960458604211213804e-05
1.816341655598639914e-05 4.688502040983877253e-05
1.631294794682514412e-05 4.891882191166118917e-05
1.685863181316659437e-05 5.217698798721161771e-05
1.587039998168633762e-05 5.752594025919050333e-05
1.718315726211662315e-05 6.688385764929030794e-05
1.435850723004338673e-05 4.716362638917780673e-05
1.709565094133738369e-05 5.770187151810583337e-05
1.690068654674196352e-05 5.005531504755712156e-05
1.798552536512661745e-05 5.307241370009686034e-05
1.571983592604207035e-05 4.952147727576608450e-05
1.637228220582545189e-05 4.271420664436217609e-05
1.810434739196044822e-05 4.696446832115801700e-05
2.436404618859612596e-05 4.412835479168814316e-05
1.763004289186435183e-05 5.027204402799251054e-05
1.606235038028806293e-05 5.218309032697866274e-05
1.673274130140149754e-05 5.961182325946318014e-05
1.644071551132512431e-05 5.016877448082765326e-05
1.606146600905636001e-05 5.541918263668055170e-05
1.572268845905711713e-05 5.863674528500325298e-05
1.694384553500085126e-05 5.152766978760387547e-05
1.630771523663514125e-05 6.055359208449058157e-05
1.737920276133193923e-05 5.346980652137539347e-05
1.553518386178696025e-05 4.837242143421763919e-05
1.615687422247843145e-05 5.172607580267239279e-05
1.892175987772673804e-05 4.050743986942508093e-05
1.521436534148663052e-05 5.752131199848557335e-05
1.538987677280806757e-05 4.404125246998757764e-05
1.658638968082830925e-05 4.654972109346468842e-05
