1.605794032027484669e-05 4.433689079989088639e-05
1.480068215600986506e-05 5.720449674359300588e-05
2.068250951037714624e-05 4.221069545082656944e-05
1.887341926313093065e-05 4.458611667889935380e-05
1.846602258587814021e-05 4.603373120794280489e-05
1.494790796303709141e-05 5.078971883219476148e-05
1.877118916474719405e-05 4.124133050330899971e-05
1.541420093249890594e-05 5.180273413203680794e-05
1.504187385159156532e-05 5.294935311430274896e-05
1.720464059591802656e-05 4.522665215069196623e-05
1.523641946996530642e-05 5.159461096205570128e-05
1.590964464199906239e-05 4.739691097358899458e-05
1.530190678580663406e-05 4.230223215918712051e-05
1.454910518484724759e-05 5.098239639476874870e-05
1.350820146264519952e-05 5.375126391515572141e-05
1.505307486023719527e-05 5.856677720696929564e-05
1.327931818839360475e-05 4.375060165998215017e-05
1.737448568734315730e-05 5.364583252934330786e-05
1.664699787156325873e-05 4.703752417695908469e-05
1.696221218398017195e-05 5.627736716333892042e-05
1.612127747644515155e-05 4.887699538499157146e-05
1.486903238459410554e-05 4.281303546569268417e-05
1.711442004786557235e-05 4.601018331566936111e-05
2.806389576185642582e-05 4.274548980455359021e-05
1.936313666451238650e-05 4.490317690643170356e-05
1.552708380598644142e-05 4.607539334398408148e-05
1.612718490379470528e-05 5.874673687248066603e-05
1.764482388267865894e-05 4.736226375574336588e-05
1.468941928548980092e-05 5.385633396915685481e-05
1.457110574499693301e-05 5.093811940516374779e-05
1.570888860725808451e-05 5.064634330560623566e-05
1.419838330065617383e-05 5.354374548185877837e-05
1.799075408196687155e-05 4.727802145317925686e-05
1.559187688035018856e-05 4.410431844500351732e-05
1.504947604142535738e-05 4.578175871193580114e-05
2.002362358525261945e-05 4.060878027053345510e-05
1.450836154513896298e-05 4.893065252245927071e-05
1.675419634488239901e-05 4.051715681504539709e-05
1.752418148721006686e-05 4.503083288305736364e-05
