5.277860646499689112e-01 1.202374988497994401e+00
5.290023785115312016e-01 1.220980477432964673e+00
5.231159974559322912e-01 1.194472090596581770e+00
5.141341427443034684e-01 1.204753482160674016e+00
5.323513073408323582e-01 1.199721970850605501e+00
5.248447780671886553e-01 1.216838880257077982e+00
5.283776914109681311e-01 1.196562107526419894e+00
5.046858965130718300e-01 1.195185728721793961e+00
5.142430430430664501e-01 1.205889051420676372e+00
4.955993228355597968e-01 1.189871944792475267e+00
5.010320540599302319e-01 1.206417276411290818e+00
5.305433395207427294e-01 1.200107741209949452e+00
5.200818199871909409e-01 1.195357981876090214e+00
5.241070064218515956e-01 1.211234915618066843e+00
5.365437825290876317e-01 1.222659238379421920e+00
5.067275802505121218e-01 1.202836457230824552e+00
5.030039977321905109e-01 1.204608906424937675e+00
5.152886778130025824e-01 1.210861125510664049e+00
4.818027912304293503e-01 1.186994021942329169e+00
5.053143773272138484e-01 1.200750035827503615e+00
5.193520641921175462e-01 1.209073856917177947e+00
5.084439853868976122e-01 1.199923406988338881e+00
5.361532764058484224e-01 1.212188392438073858e+00
5.028405144468801602e-01 1.177018330319500539e+00
5.016541916173011817e-01 1.195933620641423500e+00
5.154036629570162287e-01 1.200704220614410511e+00
5.224881484791019659e-01 1.202711589929857938e+00
4.853993070153398426e-01 1.182267865899450321e+00
5.194719032085367560e-01 1.222542494897312482e+00
5.171869651637729381e-01 1.207642344470493345e+00
5.089553063941680833e-01 1.214281142246087075e+00
5.216338254804042673e-01 1.221964281925637774e+00
4.934426838669593862e-01 1.192131495373840666e+00
5.175413993817387093e-01 1.203761895788190595e+00
5.272448604585942000e-01 1.216279711020794796e+00
5.279049170862700757e-01 1.191609072433863492e+00
5.273346503274896069e-01 1.217052287597874427e+00
5.070795700600102540e-01 1.193006882308905059e+00
4.966975722877970401e-01 1.196509440838638083e+00
