4.215477847155566074e-05 7.163831544901015538e-05
2.910761793638196574e-05 8.139674153259841838e-05
4.949366124808012441e-05 6.830418625608232312e-05
6.146413480348931406e-05 7.989552476957445407e-05
4.418092966732612049e-05 7.510472840188251625e-05
3.138333654964458550e-05 8.750532405885121513e-05
5.314894334587840229e-05 7.212174591492914396e-05
4.201768953228481377e-05 7.722648868852409107e-05
2.947058981192250522e-05 8.378412548812731817e-05
4.808946706219041666e-05 7.425330742384864797e-05
3.167953307761766502e-05 7.660792049606292471e-05
3.407939412314312162e-05 7.295478568469779593e-05
3.715817710294804204e-05 7.186282926640346811e-05
3.302924616583108514e-05 8.958325526114598719e-05
2.872854070547193293e-05 8.595015070082325534e-05
2.974165994705734822e-05 8.432138451744453143e-05
3.906593870394118332e-05 7.906047086611716636e-05
3.586760250103958602e-05 9.039428887055089498e-05
5.623478486606528487e-05 9.837492643642025835e-05
4.282357833513883221e-05 9.478935889500376640e-05
3.173369471449309518e-05 7.157696895138571406e-05
4.431133661807963218e-05 8.337953462766742947e-05
3.206637845460445470e-05 7.991066134542101213e-05
1.038722776806643485e-04 7.836569185535085440e-05
5.509769376968219010e-05 7.127825383174536764e-05
4.480523045616307968e-05 8.814481849343236137e-05
3.100631668637367927e-05 8.733950255936835942e-05
4.224974605841452492e-05 7.441616896230801234e-05
2.809980028005709684e-05 8.955903800197079310e-05
2.680278197565207624e-05 8.175715345112124545e-05
3.041961061647376380e-05 7.962177152543398293e-05
2.828813530005687486e-05 8.624148637447903861e-05
4.848351887867471016e-05 7.024545917487137303e-05
3.980991421268972039e-05 8.084798840786665524e-05
3.484989142439960566e-05 8.318394973369372739e-05
4.664625931616506502e-05 5.565721955630419397e-05
3.340373871952351844e-05 9.769068840462405781e-05
4.403526237970201840e-05 7.485633900357156886e-05
4.599427432690034146e-05 7.938394055109116202e-05
