6.004841754844825186e-01 1.205765228810011580e+00
6.040743020514045547e-01 1.208455880643933833e+00
5.891973102336525159e-01 1.179771462526354675e+00
5.770125453050731767e-01 1.189556993291606357e+00
6.032956134992520925e-01 1.188500610065325258e+00
5.950264648129883760e-01 1.212912264161333242e+00
6.021979742002536717e-01 1.200135329034750953e+00
5.871165793305956893e-01 1.217931669154849628e+00
5.879012217203331003e-01 1.212187971819961962e+00
5.715228456649565913e-01 1.198475904894870325e+00
5.768775314826357636e-01 1.212014516280883303e+00
6.079105912429082492e-01 1.194932641221699621e+00
5.953862650341890106e-01 1.201964313702349241e+00
6.001449551830210227e-01 1.212592735537295630e+00
6.110343954192165583e-01 1.219234669160739859e+00
5.827968914021250946e-01 1.211521539782355772e+00
5.805242123478914218e-01 1.214085057139205892e+00
5.893143106782667839e-01 1.204941637694430412e+00
5.655151125626325381e-01 1.197343022620661612e+00
5.823943186406993489e-01 1.196357852592275117e+00
5.908008446871334529e-01 1.200083344846864408e+00
5.857155512122790286e-01 1.200649726686972896e+00
6.080968872584268103e-01 1.212060780618155587e+00
5.691616802770661510e-01 1.168825814199828006e+00
5.652783379453919510e-01 1.174645899166500307e+00
5.882285315148940708e-01 1.201969307654810803e+00
6.028992276538628348e-01 1.214464382259256237e+00
5.667987805385794609e-01 1.189244929218052693e+00
5.924763294456737439e-01 1.226239852152885224e+00
5.939343702878647768e-01 1.221905420864306313e+00
5.823912160561784956e-01 1.214565387872874824e+00
5.948558025151513551e-01 1.234962677656921803e+00
5.698942568355032101e-01 1.190163988164580910e+00
5.919292435960689103e-01 1.200663585704312641e+00
5.954871888989878848e-01 1.198533031407557514e+00
5.992777046153028309e-01 1.189039027261739934e+00
6.045980426072616876e-01 1.230199854544316684e+00
5.817955612135443655e-01 1.184812009197056870e+00
5.737059135195765602e-01 1.192895975473563963e+00
