4.933699290678303928e-01 1.197649685762796956e+00
4.793691602912896199e-01 1.194460417215333692e+00
4.820831801881660383e-01 1.191529296419495454e+00
4.845628793235925991e-01 1.208193264100238418e+00
4.693172807897634247e-01 1.175664777420127205e+00
4.837466320948691223e-01 1.190430130164184197e+00
5.163458124036756081e-01 1.206487421745678024e+00
4.451031118813483789e-01 1.181077903566685627e+00
4.700932934635538851e-01 1.192108579341175645e+00
4.449639025688246208e-01 1.183510875999132850e+00
4.594206904346779807e-01 1.197095490559711095e+00
4.873316572208572506e-01 1.192052447038335128e+00
4.681539222541468703e-01 1.178127063603407576e+00
4.709041861160830900e-01 1.182552511279245877e+00
4.809671182451416560e-01 1.181773697101481391e+00
4.697428960498860606e-01 1.194096436693810048e+00
4.588794781719101601e-01 1.192073389038738718e+00
4.660604127364695315e-01 1.187056622627592040e+00
4.369354285054911635e-01 1.186134701914693057e+00
4.488073193089515689e-01 1.182994253080159153e+00
4.883072505270530939e-01 1.201696499551362596e+00
4.714467586455539094e-01 1.199597456192991185e+00
5.010867745620175562e-01 1.199142726562287153e+00
4.487078647351955274e-01 1.175697042497175770e+00
4.566348412458380857e-01 1.197748070991721647e+00
4.630188673978466452e-01 1.181864426315575534e+00
4.727343288766583940e-01 1.180397989036637396e+00
4.408050066133740175e-01 1.182716448025942446e+00
4.706272742985906921e-01 1.196507983709778067e+00
4.619923538695168141e-01 1.178339664736084647e+00
4.618764440665453774e-01 1.195601928903951228e+00
4.762564254981165868e-01 1.195128191901007497e+00
4.388952513917698250e-01 1.183857928506093504e+00
4.839825681452553097e-01 1.204496125764125125e+00
4.786436965740761829e-01 1.192441790716439520e+00
4.812293095654465724e-01 1.187826913499529180e+00
4.850911101868261022e-01 1.199611157974240339e+00
4.529787868955473251e-01 1.182253784802022034e+00
4.328112602035195655e-01 1.180934152938119874e+00
