6.292076821948585641e-01 1.253509758847064948e+00
4.840762096655015778e-01 1.204276499643636589e+00
5.054281765425239215e-01 1.208122681801624410e+00
9.036802703856435803e-01 1.314620855657728127e+00
4.611546831125061252e-01 1.182034008088476806e+00
5.131304212827241251e-01 1.209650862800524695e+00
5.734274214554794247e-01 1.223399722673406353e+00
4.359373059526056027e-01 1.190575082602972623e+00
4.897118790404776378e-01 1.210772487820285681e+00
6.314955053306787747e-01 1.262268507613943935e+00
4.635940547258444178e-01 1.207152970757783272e+00
4.757518595285455953e-01 1.191701172611476123e+00
5.096558683038446835e-01 1.204431114953919302e+00
4.936237030600286180e-01 1.203538673372723800e+00
4.718266611683118450e-01 1.185212345155599367e+00
4.803160495861870660e-01 1.207494890649131403e+00
4.633749950088946745e-01 1.201739821262312935e+00
4.912293311413039598e-01 1.209197805985512408e+00
4.491225299511812374e-01 1.208737888621479906e+00
4.802993792307398979e-01 1.211553763278084395e+00
5.160538150226708920e-01 1.218732714924934513e+00
4.657080768149254868e-01 1.208925412348302642e+00
5.109193038429233891e-01 1.203283728292569910e+00
4.812629667566035718e-01 1.187178285718657023e+00
4.735797087591479548e-01 1.212849582863536835e+00
5.841061087465662105e-01 1.237912296647636357e+00
4.642360070045458698e-01 1.182257903454524195e+00
5.008016228994834895e-01 1.217554979092642542e+00
4.715811721446750426e-01 1.205886426694416258e+00
4.951218266270601132e-01 1.205510164638716519e+00
4.861688952428123156e-01 1.219062887786073412e+00
4.670733661663481473e-01 1.194582800892153296e+00
4.601203894645394255e-01 1.208414487367458712e+00
4.624302004136501276e-01 1.201121473113431204e+00
4.562055653529148991e-01 1.186285334664248348e+00
5.644550074105765258e-01 1.222103734866326175e+00
4.594994663348565545e-01 1.192026890458421251e+00
5.940728625211878500e-01 1.251930069308262672e+00
5.739292444848443919e-01 1.250400673219128400e+00
