6.205530792230791182e-01 1.220340035086234343e+00
6.273014290618148525e-01 1.230359127100616012e+00
6.124443450007798218e-01 1.197355191240926597e+00
5.988996767033375468e-01 1.206598682896961261e+00
6.293959848448760219e-01 1.213419402016269411e+00
6.168962648048121888e-01 1.238835861329966148e+00
6.235794530025247084e-01 1.214961956206579652e+00
5.990322255480952096e-01 1.209254038271814657e+00
6.056320147751536043e-01 1.216469802359623431e+00
5.866169442033218884e-01 1.198615290435271152e+00
5.946552327189023046e-01 1.219095762688212847e+00
6.326386229349418855e-01 1.217356515511911264e+00
6.165614350747351535e-01 1.212702003461261002e+00
6.202385044211373710e-01 1.223844380406609700e+00
6.335725368987209505e-01 1.245787986634907529e+00
6.009815970568996857e-01 1.217843378786426456e+00
5.973878651044260968e-01 1.212655679550629806e+00
6.104235579250306687e-01 1.225068394218338019e+00
5.792453387756111294e-01 1.202077665212560431e+00
6.038614456681282716e-01 1.208919307204621818e+00
6.118882028198545653e-01 1.219210673607921791e+00
6.060744632924194297e-01 1.212317078528604375e+00
6.303010680062980375e-01 1.232448011328216797e+00
5.847459138845575444e-01 1.170294974813659739e+00
5.887083176190707201e-01 1.193679579862746865e+00
6.088432562951692217e-01 1.214244822420113223e+00
6.234784169774264528e-01 1.227503558156781249e+00
5.853842138187108635e-01 1.190414377273774971e+00
6.120794702440889301e-01 1.241951423314020087e+00
6.107639500479918881e-01 1.226237526664870625e+00
6.005458554188692899e-01 1.222723277817114651e+00
6.125932432692960949e-01 1.236764679764896124e+00
5.882812886227751781e-01 1.193682151585238937e+00
6.134882436252920845e-01 1.211937589885684785e+00
6.203290555780587301e-01 1.231748610021449419e+00
6.212797905084249672e-01 1.206508848988243843e+00
6.223987241979568319e-01 1.233019634507064088e+00
6.051687758507285908e-01 1.204744464844176743e+00
5.938427144514486500e-01 1.200362530805471062e+00
