1.959985079239811773e-05 4.732137263992063265e-05
2.216356780073935976e-05 6.719439438834416082e-05
1.756128320915556636e-05 4.587881027761670790e-05
1.988329189297425103e-05 5.043812944117423755e-05
2.037998874522069682e-05 5.578748082349936947e-05
2.046096828464673845e-05 6.210567322098655590e-05
1.804026716847164510e-05 4.465394767541726681e-05
1.759937782216597761e-05 5.820700031479991027e-05
2.106760995267724032e-05 5.847479809349168757e-05
1.681404255599894552e-05 5.006596375130651841e-05
1.880994990266021482e-05 5.434098104752557024e-05
2.115302506772512303e-05 4.756188058791045226e-05
1.860097595720510162e-05 5.468579523928416869e-05
2.230245861511318884e-05 5.797137603518254988e-05
2.003729582217201363e-05 5.930408305088538955e-05
2.252799394375791224e-05 6.499054046956837763e-05
1.650812155627840811e-05 4.995514030783854088e-05
2.147399863375628793e-05 6.472244176186535078e-05
1.838729441877017825e-05 5.271934587342596364e-05
1.982353912590435714e-05 6.528923355182003228e-05
1.786354771760120485e-05 5.252245962888677270e-05
1.894926079598739665e-05 4.579732163664804921e-05
2.098767923060196352e-05 5.276844229139286880e-05
2.123787992125840507e-05 4.526347588458056544e-05
1.873599623502455872e-05 5.060814064198511917e-05
1.792344504033047256e-05 5.961796783435579188e-05
2.110721880319399408e-05 6.622486808828382762e-05
1.756051518170689024e-05 5.816916681485789152e-05
2.303018370070425360e-05 6.224248269686949951e-05
2.090342564523237101e-05 6.229587006072616936e-05
1.898819467196272536e-05 5.869951879181280798e-05
2.206475522704557160e-05 6.968160527218687588e-05
1.971072523201354497e-05 5.527143078757338528e-05
1.783058634832508112e-05 5.467991037297371823e-05
2.016737492660948184e-05 5.666931557049129694e-05
1.924331202710117698e-05 4.679218378907415118e-05
2.135511203386567596e-05 6.034489805820870728e-05
1.891388022647475046e-05 4.664617963937693499e-05
2.012308928011004541e-05 4.899655188136821084e-05
