5.404033449591304494e-01 1.208954132523926805e+00
5.389448202447387759e-01 1.223741876828154940e+00
5.332731173212978959e-01 1.194389890198973792e+00
5.200837062210191819e-01 1.200844548077716123e+00
5.437364482437567759e-01 1.203266269382069931e+00
5.345009876906477997e-01 1.219737104169888120e+00
5.408858500385188561e-01 1.201967169273921110e+00
5.153204936336932551e-01 1.197482979151148763e+00
5.238500670742007870e-01 1.206944032987415483e+00
5.054202481719108908e-01 1.190207248314522293e+00
5.103038067488350205e-01 1.207927107111083531e+00
5.414934490321958727e-01 1.202768195290977671e+00
5.313304881131150070e-01 1.198188193720559402e+00
5.324703321938349942e-01 1.209826821237615757e+00
5.489501200196436059e-01 1.229266315136406273e+00
5.160543555229294421e-01 1.203309411126476824e+00
5.125101833855076894e-01 1.204436962016713908e+00
5.255330497569534742e-01 1.216071299940113093e+00
4.944495908294097575e-01 1.191430592979659142e+00
5.159468947045362519e-01 1.203068582615122617e+00
5.293730499279299950e-01 1.210636832529477847e+00
5.184168405704453475e-01 1.202236451881266044e+00
5.441097149240778919e-01 1.215748653165747761e+00
5.086001025373723117e-01 1.172986457625944778e+00
5.109645525195700699e-01 1.195912772900157295e+00
5.282163860305001402e-01 1.208224478581525707e+00
5.344741728492665711e-01 1.211637925159828155e+00
4.965938077994339062e-01 1.183826404763079987e+00
5.301452782209929993e-01 1.228315014130494598e+00
5.252551944883295798e-01 1.207893004801450454e+00
5.190448816026119738e-01 1.216496506788893317e+00
5.310783673597639920e-01 1.225623464613059266e+00
5.043332848107823230e-01 1.192893880238028892e+00
5.272660656525283152e-01 1.203888657486045455e+00
5.369677908361980556e-01 1.219336547434568097e+00
5.401160681228794891e-01 1.195984606287637364e+00
5.358624756199020789e-01 1.218543662209000900e+00
5.185866757887033218e-01 1.195913546710624553e+00
5.068601186141920012e-01 1.196755141532858557e+00
