1.194882858832648338e-04 6.157524997266187918e-05
5.997320247900273817e-05 4.576099911068339616e-05
1.734244094464608790e-04 7.797147590466519307e-05
3.846690423480263708e-04 1.266112137583038884e-04
1.272452719710833553e-04 6.302133601129667276e-05
6.364222988475323999e-05 5.089823459169008770e-05
1.819909936625093002e-04 7.508597293150904314e-05
1.144954020870471504e-04 6.658396817759505747e-05
5.999074465087908526e-05 4.891764037022593457e-05
2.489520565504010105e-04 1.007819555984769449e-04
8.578388909145351067e-05 5.984607690169323408e-05
8.453211387390489016e-05 5.909955974183488429e-05
1.228087803306507299e-04 6.743926579871772800e-05
7.042204704731282053e-05 5.714186882945344420e-05
4.951143892596472103e-05 4.512375024614418957e-05
6.806071660234312064e-05 5.447469056615003352e-05
1.109493569554711876e-04 6.774076174806336150e-05
8.411371321417987989e-05 5.998380916225924870e-05
1.871394925158279649e-04 8.877547179263966745e-05
1.016308221555823845e-04 6.467346998979242763e-05
9.102999877727663519e-05 5.760142526133863497e-05
1.283600292488431454e-04 7.094913939224708154e-05
7.087001075025168586e-05 5.627056840645889912e-05
8.995750258567280057e-04 1.919284051606323757e-04
2.561481118818752256e-04 1.069877906328423284e-04
1.081335025802012138e-04 6.045392751661196872e-05
5.478297975531991586e-05 4.799773293103905638e-05
1.688659841717054795e-04 8.584028141207709049e-05
4.696051314071118094e-05 4.597136372817299857e-05
5.261102482550877001e-05 4.757795797943000404e-05
7.330916607234504309e-05 5.379495557007215315e-05
5.662510774285927224e-05 5.175737534315436348e-05
1.954147218082159093e-04 8.891162707773824934e-05
1.120163150938692021e-04 6.709625574000851176e-05
7.244693768112671849e-05 4.883901451846855811e-05
1.813127659275515138e-04 7.319636130974749679e-05
5.367914985431773532e-05 4.667961639244280894e-05
1.631508855844049973e-04 7.629251877584604629e-05
1.569620287921158464e-04 8.457059734318267440e-05
