5.461841870494009710e-01 1.201062086121447825e+00
5.463054630385426602e-01 1.207630581679225434e+00
5.384247230910811366e-01 1.185441645453983783e+00
5.183297901212208236e-01 1.178818397454513445e+00
5.480556712265700625e-01 1.189000940458134759e+00
5.392270936849038465e-01 1.209071780874144464e+00
5.450905585506505835e-01 1.189126447212475624e+00
5.300784734113342944e-01 1.205255267629676830e+00
5.302867161689177600e-01 1.199033314246301218e+00
5.147103461522497536e-01 1.187207700464720128e+00
5.190940329417267352e-01 1.202081510557441613e+00
5.491766632265967507e-01 1.191763807420691768e+00
5.372551533668434853e-01 1.190104837635120205e+00
5.399621959430505047e-01 1.199385030664417373e+00
5.524072041500083241e-01 1.207782554317224921e+00
5.279068772045217850e-01 1.206282526088756635e+00
5.235045342897413079e-01 1.202458430209590867e+00
5.317197955754869865e-01 1.202201415604347901e+00
5.069857048428847435e-01 1.189378865680962294e+00
5.249365250306093911e-01 1.195485792325079899e+00
5.372406170880000831e-01 1.201057055773903981e+00
5.303703957237221323e-01 1.200133443902872576e+00
5.489546574831046799e-01 1.197878163301270948e+00
5.207592842606033612e-01 1.171396810683805079e+00
5.215786864611609008e-01 1.194747768320235881e+00
5.325985654822025239e-01 1.194098431535239646e+00
5.452712795659743206e-01 1.207582604452362096e+00
5.088472590535799700e-01 1.181895978542867098e+00
5.361408912920290204e-01 1.213232017011976138e+00
5.342366901242446842e-01 1.200636183116750244e+00
5.290088054002418660e-01 1.214159125941249862e+00
5.403851501378816868e-01 1.221962728543855903e+00
5.169648427528226176e-01 1.194280036620617436e+00
5.357857073160749994e-01 1.198548634669581503e+00
5.371466149851775729e-01 1.192290574444602624e+00
5.439263285063672404e-01 1.183557585527898581e+00
5.450655325505274762e-01 1.210866356567454671e+00
5.281196992836019177e-01 1.189049559910117404e+00
5.172784752360358729e-01 1.193215297590455748e+00
