1.865581148521456214e-05 3.843341545974167199e-05
1.529315588506846178e-05 4.816816225358389714e-05
2.194403131955239178e-05 3.724910452492222787e-05
2.759669448309500574e-05 4.221764107705638897e-05
2.112505383430521690e-05 4.329176152988891530e-05
1.456570363703029297e-05 4.731298612314184727e-05
2.208333176114108635e-05 4.266217326451631994e-05
1.653812024246591349e-05 4.526186291948242351e-05
1.431389067297571283e-05 4.293882237630254861e-05
2.064171505909679784e-05 4.313017939922539665e-05
1.657936581554630005e-05 4.502384447543403116e-05
1.700409114187400450e-05 4.285429381849623938e-05
1.955525203734833655e-05 4.419684550946570623e-05
1.512360799873672208e-05 4.627602227313958619e-05
1.464124581068009000e-05 4.632664495566725203e-05
1.522398045722434006e-05 5.032043608873728441e-05
1.770881893102833402e-05 4.746858630769708125e-05
1.729097896884961477e-05 4.552550574807607696e-05
1.959002381984642537e-05 4.357989380285828184e-05
1.912621119697676653e-05 4.767996236153771789e-05
1.571085225996817172e-05 4.329243781925221844e-05
1.694084295602102594e-05 4.077479913446862024e-05
1.663430288960441298e-05 4.088365813154316099e-05
4.079635376057128601e-05 4.332588020658940795e-05
2.402182985159389810e-05 4.478346000212313856e-05
1.893534277121072150e-05 4.503503614586506045e-05
1.468451503147258400e-05 4.979068444310325714e-05
2.000474498819310764e-05 4.572406650663520536e-05
1.401316123033861085e-05 5.033854317420250038e-05
1.390877954519347710e-05 4.566739630170439266e-05
1.530320017419848467e-05 4.404533002595724199e-05
1.269330078428565547e-05 4.791829889972211621e-05
2.255635548166470266e-05 4.854591017010030218e-05
1.914025763053647190e-05 4.480314302683484638e-05
1.714250502548328195e-05 4.171593125169664967e-05
2.358859874876259127e-05 3.559524920734666054e-05
1.416668321938847857e-05 4.552409894121303761e-05
1.957051651346648237e-05 3.571806445574754869e-05
2.035330223787576174e-05 4.149925144614893330e-05
