5.654982610880350258e-01 1.213431349339398890e+00
5.695297571096664679e-01 1.230550079836229438e+00
5.572566727232918238e-01 1.195595760597161883e+00
5.444871192573202956e-01 1.200667053879072688e+00
5.714960375742459409e-01 1.208582422354513630e+00
5.585803330939876910e-01 1.228011382814184538e+00
5.688038566334839841e-01 1.211180608852405749e+00
5.450680760799079261e-01 1.205955233636166524e+00
5.492920598108729235e-01 1.213569969013748917e+00
5.323247791094591896e-01 1.194742632690003692e+00
5.372323511399724749e-01 1.213404131210658710e+00
5.718892405585496164e-01 1.209297521242873819e+00
5.584983311962571362e-01 1.207262404273259371e+00
5.618095758164033393e-01 1.219761339437736458e+00
5.751617392619140512e-01 1.234333866050501216e+00
5.420553095404083699e-01 1.210668811479872486e+00
5.397284310747328950e-01 1.210118340555534244e+00
5.529897835972961140e-01 1.222986079586722452e+00
5.224154035450618849e-01 1.192642070683279432e+00
5.446077468230544616e-01 1.206901869863731491e+00
5.579597451241977701e-01 1.217579789657865064e+00
5.466839708636082040e-01 1.205571676892206678e+00
5.736861950456728643e-01 1.232412760630348103e+00
5.359046200643295954e-01 1.173826808876489824e+00
5.356725791447716212e-01 1.196216056684149986e+00
5.530221346727912657e-01 1.212331368484755423e+00
5.647434835532377795e-01 1.221815524557772425e+00
5.273905324992035348e-01 1.189978248551307294e+00
5.555534809354614190e-01 1.234680866088060602e+00
5.547834033663526787e-01 1.222872238240232834e+00
5.438924983063734286e-01 1.218369664333049718e+00
5.554034877575059204e-01 1.230841318985004262e+00
5.320048236237479022e-01 1.194921571511415648e+00
5.551229366262154796e-01 1.208396055984635398e+00
5.622619923550410403e-01 1.223044941637979610e+00
5.684903256177128439e-01 1.202124100004608342e+00
5.629599732203198759e-01 1.226993603080139827e+00
5.484580161247544217e-01 1.201534410169824652e+00
5.358921098259558091e-01 1.202179993305608097e+00
