6.552858271826778047e-01 1.263278620334535418e+00
4.944609028191794819e-01 1.198338827101198767e+00
5.214559100752459431e-01 1.202852277029517802e+00
5.277860646499689112e-01 1.202374988497994401e+00
5.404033449591304494e-01 1.208954132523926805e+00
5.520204907865844390e-01 1.213126883889738217e+00
5.654982610880350258e-01 1.213431349339398890e+00
5.833341307900888895e-01 1.216810394210214863e+00
6.041363584163441658e-01 1.218677488171417522e+00
6.205530792230791182e-01 1.220340035086234343e+00
4.954226426670578221e-01 1.212113878069323247e+00
4.919554417029940452e-01 1.207644455165165942e+00
5.210148704802262110e-01 1.216875300574292940e+00
5.290023785115312016e-01 1.220980477432964673e+00
5.389448202447387759e-01 1.223741876828154940e+00
5.541491529901361179e-01 1.228618823988815167e+00
5.695297571096664679e-01 1.230550079836229438e+00
5.879859598694364697e-01 1.233158383282199289e+00
6.100127093727799599e-01 1.234330641830672981e+00
6.273014290618148525e-01 1.230359127100616012e+00
4.974621573295211485e-01 1.205558632334296165e+00
4.813485440344208999e-01 1.191499427898406349e+00
5.113332461620240244e-01 1.192398156221162520e+00
5.231159974559322912e-01 1.194472090596581770e+00
5.332731173212978959e-01 1.194389890198973792e+00
5.452636998461202200e-01 1.194895253986048456e+00
5.572566727232918238e-01 1.195595760597161883e+00
5.749514699081771374e-01 1.197257059759742281e+00
5.965443299769779273e-01 1.198363160767131896e+00
6.124443450007798218e-01 1.197355191240926597e+00
9.952563548225432655e-01 1.336694454277640887e+00
4.952761822245865253e-01 1.214208757222322133e+00
5.045306031566597627e-01 1.201625145004628914e+00
5.141341427443034684e-01 1.204753482160674016e+00
5.200837062210191819e-01 1.200844548077716123e+00
5.306212227509385926e-01 1.198609914291552503e+00
5.444871192573202956e-01 1.200667053879072688e+00
5.628628175225472985e-01 1.200372481200943531e+00
5.814904215153787748e-01 1.199685341723297105e+00
5.988996767033375468e-01 1.206598682896961261e+00
4.537294652372412251e-01 1.178788517754151943e+00
4.921570464286801894e-01 1.194278410667340529e+00
5.204221439204785860e-01 1.194808691576786153e+00
5.323513073408323582e-01 1.199721970850605501e+00
5.437364482437567759e-01 1.203266269382069931e+00
5.563437282392781347e-01 1.205784148222446728e+00
5.714960375742459409e-01 1.208582422354513630e+00
5.899255339208518967e-01 1.209620945069809217e+00
6.106430842694461347e-01 1.209618321338753910e+00
6.293959848448760219e-01 1.213419402016269411e+00
5.187993405906423661e-01 1.212969317746953379e+00
4.890722157482134125e-01 1.195632020590815303e+00
5.157516714498606714e-01 1.209822591846261952e+00
5.248447780671886553e-01 1.216838880257077982e+00
5.345009876906477997e-01 1.219737104169888120e+00
5.445344200984834071e-01 1.223068930838185686e+00
5.585803330939876910e-01 1.228011382814184538e+00
5.775512765669389426e-01 1.232948005393583069e+00
5.995569968403146044e-01 1.235478122237692267e+00
6.168962648048121888e-01 1.238835861329966148e+00
5.878237037704098222e-01 1.228558638608738596e+00
4.978303187542097441e-01 1.195454447515999608e+00
5.188951398937472481e-01 1.193119143598033949e+00
5.283776914109681311e-01 1.196562107526419894e+00
5.408858500385188561e-01 1.201967169273921110e+00
5.534407782363303108e-01 1.203424368008539247e+00
5.688038566334839841e-01 1.211180608852405749e+00
5.862992410535670107e-01 1.212094927847328307e+00
6.075881552320923085e-01 1.213328858198662985e+00
6.235794530025247084e-01 1.214961956206579652e+00
5.530625562688590291e-01 1.243254492513473419e+00
4.597186729859173981e-01 1.193654719791301222e+00
4.958239328313190919e-01 1.196568485959765615e+00
5.046858965130718300e-01 1.195185728721793961e+00
5.153204936336932551e-01 1.197482979151148763e+00
5.280978867397185805e-01 1.200669552318702316e+00
5.450680760799079261e-01 1.205955233636166524e+00
5.626192507217409045e-01 1.210861831213294604e+00
5.829575449398854969e-01 1.206799812432892027e+00
5.990322255480952096e-01 1.209254038271814657e+00
4.937373321387951153e-01 1.213048207723511407e+00
4.809267998140291933e-01 1.202932545880252890e+00
5.053433859155698205e-01 1.204038776223375962e+00
5.142430430430664501e-01 1.205889051420676372e+00
5.238500670742007870e-01 1.206944032987415483e+00
5.349878141661411624e-01 1.210749638731258182e+00
5.492920598108729235e-01 1.213569969013748917e+00
5.675505569598816580e-01 1.215713306881404554e+00
5.895055413587790838e-01 1.218362995463388554e+00
6.056320147751536043e-01 1.216469802359623431e+00
6.537250416765340022e-01 1.270484733080327944e+00
4.705399044708484246e-01 1.201267103596718400e+00
4.875632574409641262e-01 1.188774347320935565e+00
4.955993228355597968e-01 1.189871944792475267e+00
5.054202481719108908e-01 1.190207248314522293e+00
5.179689286587737529e-01 1.193318685249298516e+00
5.323247791094591896e-01 1.194742632690003692e+00
5.501566816148724115e-01 1.197335699752850591e+00
5.703692510024782614e-01 1.197144348688272464e+00
5.866169442033218884e-01 1.198615290435271152e+00
4.298380047661686243e-01 1.190733153878226425e+00
4.607858385969906823e-01 1.197918262236682851e+00
4.926069716446466185e-01 1.203386881747373183e+00
5.010320540599302319e-01 1.206417276411290818e+00
5.103038067488350205e-01 1.207927107111083531e+00
5.225601951976098780e-01 1.211890936147329789e+00
5.372323511399724749e-01 1.213404131210658710e+00
5.551719451119584425e-01 1.217809787784844611e+00
5.787045653152881330e-01 1.220729474333470899e+00
5.946552327189023046e-01 1.219095762688212847e+00
4.610500339754857180e-01 1.184131059437609990e+00
4.825317439399932629e-01 1.188588801162759667e+00
5.207134958609129782e-01 1.200950656640133563e+00
5.305433395207427294e-01 1.200107741209949452e+00
5.414934490321958727e-01 1.202768195290977671e+00
5.552004129009717737e-01 1.205113593489888890e+00
5.718892405585496164e-01 1.209297521242873819e+00
5.906545345168107142e-01 1.212274019184273355e+00
6.135875451593296726e-01 1.214180174203028484e+00
6.326386229349418855e-01 1.217356515511911264e+00
5.111649664952044869e-01 1.205058269568787699e+00
4.800254964517403078e-01 1.188040260527413405e+00
5.139149364457028524e-01 1.196051810400953208e+00
5.200818199871909409e-01 1.195357981876090214e+00
5.313304881131150070e-01 1.198188193720559402e+00
5.423608334913938567e-01 1.202557341374141942e+00
5.584983311962571362e-01 1.207262404273259371e+00
5.763877896598301742e-01 1.210432420866149439e+00
5.974483849099764265e-01 1.214232993991889220e+00
6.165614350747351535e-01 1.212702003461261002e+00
5.044742990072782485e-01 1.209225970459561594e+00
4.790100962708800370e-01 1.189931792003267264e+00
5.142419553467718618e-01 1.206340395468915583e+00
5.241070064218515956e-01 1.211234915618066843e+00
5.324703321938349942e-01 1.209826821237615757e+00
5.449766112745166868e-01 1.215380845522481934e+00
5.618095758164033393e-01 1.219761339437736458e+00
5.795959864641524462e-01 1.221508121591736051e+00
6.023621742270632851e-01 1.222120702628738620e+00
6.202385044211373710e-01 1.223844380406609700e+00
5.008982525254642715e-01 1.202310677012947249e+00
5.012186659071914407e-01 1.202390433928384406e+00
5.283814533250976719e-01 1.215669385677555558e+00
5.365437825290876317e-01 1.222659238379421920e+00
5.489501200196436059e-01 1.229266315136406273e+00
5.604391144830976890e-01 1.229630932633259954e+00
5.751617392619140512e-01 1.234333866050501216e+00
5.939519590664085191e-01 1.241837063640940153e+00
6.156856838915255592e-01 1.242889391141975164e+00
6.335725368987209505e-01 1.245787986634907529e+00
4.713791186204425721e-01 1.202338836255199439e+00
4.694685957601250070e-01 1.193793364274894353e+00
4.987830894611635646e-01 1.201133719997774518e+00
5.067275802505121218e-01 1.202836457230824552e+00
5.160543555229294421e-01 1.203309411126476824e+00
5.275788901247236984e-01 1.208015468648035995e+00
5.420553095404083699e-01 1.210668811479872486e+00
5.593246346267871649e-01 1.212899446879624366e+00
5.830400432294511326e-01 1.214183609919804008e+00
6.009815970568996857e-01 1.217843378786426456e+00
4.412791928031291055e-01 1.192129734834475929e+00
4.670717413020702979e-01 1.199134834553983842e+00
4.926682914580432504e-01 1.198655254911795698e+00
5.030039977321905109e-01 1.204608906424937675e+00
5.125101833855076894e-01 1.204436962016713908e+00
5.254683669897881604e-01 1.207114251415630335e+00
5.397284310747328950e-01 1.210118340555534244e+00
5.583417891211717166e-01 1.210875743263832405e+00
5.800725693537375216e-01 1.212990480684351446e+00
5.973878651044260968e-01 1.212655679550629806e+00
4.799630082001598574e-01 1.204006450419733643e+00
4.793897982328251817e-01 1.198538420436471963e+00
5.080706477944825217e-01 1.206946219249432684e+00
5.152886778130025824e-01 1.210861125510664049e+00
5.255330497569534742e-01 1.216071299940113093e+00
5.373275016095901968e-01 1.217687575160264046e+00
5.529897835972961140e-01 1.222986079586722452e+00
5.714689614557726394e-01 1.227159587747877811e+00
5.939296510949199082e-01 1.228764943302657953e+00
6.104235579250306687e-01 1.225068394218338019e+00
5.229577264103043577e-01 1.238370670012165942e+00
4.490122626410776308e-01 1.195733748669516983e+00
4.722579944489371240e-01 1.183937774433918344e+00
4.818027912304293503e-01 1.186994021942329169e+00
4.944495908294097575e-01 1.191430592979659142e+00
5.060357162790919405e-01 1.188813884625340878e+00
5.224154035450618849e-01 1.192642070683279432e+00
5.415456336604568266e-01 1.194044114777231824e+00
5.644168776256129894e-01 1.197293711892328805e+00
5.792453387756111294e-01 1.202077665212560431e+00
4.812202504518131030e-01 1.212515531743229680e+00
4.542609365866027704e-01 1.187968144210304278e+00
4.947131734811674453e-01 1.196484522520320004e+00
5.053143773272138484e-01 1.200750035827503615e+00
5.159468947045362519e-01 1.203068582615122617e+00
5.287437241354976392e-01 1.203693846507265075e+00
5.446077468230544616e-01 1.206901869863731491e+00
5.641296958857380250e-01 1.210781444557379904e+00
5.874329905022906972e-01 1.211774123976180340e+00
6.038614456681282716e-01 1.208919307204621818e+00
5.257673735990191499e-01 1.223382051159055406e+00
4.919975722109469762e-01 1.204713747040567551e+00
5.081864470871222395e-01 1.201489377667699143e+00
5.193520641921175462e-01 1.209073856917177947e+00
5.293730499279299950e-01 1.210636832529477847e+00
5.430155687019322386e-01 1.215539913886736212e+00
5.579597451241977701e-01 1.217579789657865064e+00
5.730617708873653182e-01 1.215883032628999549e+00
5.946203651893866571e-01 1.221018723176162446e+00
6.118882028198545653e-01 1.219210673607921791e+00
4.722730712977250001e-01 1.212746105489587611e+00
4.774971820263685940e-01 1.205568386719620522e+00
5.039474873224483176e-01 1.208185094189139219e+00
5.084439853868976122e-01 1.199923406988338881e+00
5.184168405704453475e-01 1.202236451881266044e+00
5.310055709029076754e-01 1.202947740515663222e+00
5.466839708636082040e-01 1.205571676892206678e+00
5.663789537351768821e-01 1.208687082664387180e+00
5.886950985812721138e-01 1.213068027406101423e+00
6.060744632924194297e-01 1.212317078528604375e+00
5.064608778390576882e-01 1.201171209091955072e+00
5.016704545157507633e-01 1.199670445913071370e+00
5.270330267496302623e-01 1.209164868889788913e+00
5.361532764058484224e-01 1.212188392438073858e+00
5.441097149240778919e-01 1.215748653165747761e+00
5.570686189379636666e-01 1.223555471277577134e+00
5.736861950456728643e-01 1.232412760630348103e+00
5.907753645958055966e-01 1.229059145754616500e+00
6.126218747376719342e-01 1.235283976067603540e+00
6.303010680062980375e-01 1.232448011328216797e+00
1.082472984142032191e+00 1.316936375742989718e+00
5.038278342432617185e-01 1.202402567033846958e+00
4.893946836516736565e-01 1.174488508680588295e+00
5.028405144468801602e-01 1.177018330319500539e+00
5.086001025373723117e-01 1.172986457625944778e+00
5.220200730988596716e-01 1.173871308801856639e+00
5.359046200643295954e-01 1.173826808876489824e+00
5.516166444954839765e-01 1.172579746071354068e+00
5.693296311228678297e-01 1.170255194501673479e+00
5.847459138845575444e-01 1.170294974813659739e+00
4.039304949312464421e-01 1.187795488575200009e+00
4.565014232055666366e-01 1.198307534499758020e+00
4.942760014731285567e-01 1.197367308990403334e+00
5.016541916173011817e-01 1.195933620641423500e+00
5.109645525195700699e-01 1.195912772900157295e+00
5.225907340505632215e-01 1.196736971816596773e+00
5.356725791447716212e-01 1.196216056684149986e+00
5.529945201417690859e-01 1.196520093644631411e+00
5.730976629370977404e-01 1.193234976794154800e+00
5.887083176190707201e-01 1.193679579862746865e+00
5.357869181825986038e-01 1.220220302737442974e+00
4.655283991970930457e-01 1.184037525119909118e+00
5.075071274954232603e-01 1.198525566582537616e+00
5.154036629570162287e-01 1.200704220614410511e+00
5.282163860305001402e-01 1.208224478581525707e+00
5.392687272308455126e-01 1.208326778623940223e+00
5.530221346727912657e-01 1.212331368484755423e+00
5.691127537044674556e-01 1.209476749751975833e+00
5.916388803058370005e-01 1.210923510528256530e+00
6.088432562951692217e-01 1.214244822420113223e+00
4.641610302710486580e-01 1.183269898344931903e+00
4.771543068894235629e-01 1.184428142858841904e+00
5.133126955344416986e-01 1.200290204332395305e+00
5.224881484791019659e-01 1.202711589929857938e+00
5.344741728492665711e-01 1.211637925159828155e+00
5.480582510446585509e-01 1.220422912244733871e+00
5.647434835532377795e-01 1.221815524557772425e+00
5.816824478581407165e-01 1.222794106911660128e+00
6.046896668723716894e-01 1.227428271282976713e+00
6.234784169774264528e-01 1.227503558156781249e+00
5.345220327111342984e-01 1.231253522610638251e+00
4.394422187524055778e-01 1.181948124420732160e+00
4.785664386032200679e-01 1.184211107169980126e+00
4.853993070153398426e-01 1.182267865899450321e+00
4.965938077994339062e-01 1.183826404763079987e+00
5.126702903928642696e-01 1.189355581477240298e+00
5.273905324992035348e-01 1.189978248551307294e+00
5.457759106917412506e-01 1.190343282405176950e+00
5.665234343421382546e-01 1.191060640986947972e+00
5.853842138187108635e-01 1.190414377273774971e+00
4.784451786757085157e-01 1.210504226165938446e+00
4.771409314766135723e-01 1.202651337134577059e+00
5.123460476782650819e-01 1.218972590870887718e+00
5.194719032085367560e-01 1.222542494897312482e+00
5.301452782209929993e-01 1.228315014130494598e+00
5.414059579714293191e-01 1.231328951462763222e+00
5.555534809354614190e-01 1.234680866088060602e+00
5.735990210713471926e-01 1.239469947574238118e+00
5.946193524733089930e-01 1.238974741405882707e+00
6.120794702440889301e-01 1.241951423314020087e+00
4.916505201567699657e-01 1.204149226929359662e+00
4.723230451122549800e-01 1.189873040309546992e+00
5.083546053989382862e-01 1.205080507196427231e+00
5.171869651637729381e-01 1.207642344470493345e+00
5.252551944883295798e-01 1.207893004801450454e+00
5.392408279305385133e-01 1.216498791245690381e+00
5.547834033663526787e-01 1.222872238240232834e+00
5.730505061165579450e-01 1.226270269590162831e+00
5.940614841804117141e-01 1.224565140204481484e+00
6.107639500479918881e-01 1.226237526664870625e+00
4.901273779608951719e-01 1.222093120994123261e+00
4.721783670084924722e-01 1.205665266342508257e+00
5.005875517281417331e-01 1.211279505090755659e+00
5.089553063941680833e-01 1.214281142246087075e+00
5.190448816026119738e-01 1.216496506788893317e+00
5.302882046414932882e-01 1.216973567728584449e+00
5.438924983063734286e-01 1.218369664333049718e+00
5.625175262322446024e-01 1.222355533532293093e+00
5.832179743768785007e-01 1.223416522495608172e+00
6.005458554188692899e-01 1.222723277817114651e+00
4.576384362563977182e-01 1.189483274562495918e+00
4.789652330275010472e-01 1.197951577650161248e+00
5.124565774808345076e-01 1.217496819354459969e+00
5.216338254804042673e-01 1.221964281925637774e+00
5.310783673597639920e-01 1.225623464613059266e+00
5.412213159166592291e-01 1.229011140135632951e+00
5.554034877575059204e-01 1.230841318985004262e+00
5.721176660542048875e-01 1.232451172356395785e+00
5.948783886150890154e-01 1.234582060950921267e+00
6.125932432692960949e-01 1.236764679764896124e+00
4.845622624726456107e-01 1.221576351861711984e+00
4.499107294377904243e-01 1.191936296079003643e+00
4.870571576962057780e-01 1.193035901832889989e+00
4.934426838669593862e-01 1.192131495373840666e+00
5.043332848107823230e-01 1.192893880238028892e+00
5.157760372727349107e-01 1.193231240662598003e+00
5.320048236237479022e-01 1.194921571511415648e+00
5.494082661632369025e-01 1.195417777828408301e+00
5.717003242467744162e-01 1.195696793223553822e+00
5.882812886227751781e-01 1.193682151585238937e+00
4.645182505475021206e-01 1.203821552355935687e+00
4.798705414346248754e-01 1.201343344967106486e+00
5.075976596498520399e-01 1.199948312064942346e+00
5.175413993817387093e-01 1.203761895788190595e+00
5.272660656525283152e-01 1.203888657486045455e+00
5.401705137941846813e-01 1.208014379877752509e+00
5.551229366262154796e-01 1.208396055984635398e+00
5.720717373228866309e-01 1.209906942474156422e+00
5.953211697866001018e-01 1.212376537778840468e+00
6.134882436252920845e-01 1.211937589885684785e+00
4.881345143013561261e-01 1.202734420127384185e+00
4.877051481094145657e-01 1.200461286167659569e+00
5.178911457246001548e-01 1.212506521432226814e+00
5.272448604585942000e-01 1.216279711020794796e+00
5.369677908361980556e-01 1.219336547434568097e+00
5.486609164329343535e-01 1.222571886570903654e+00
5.622619923550410403e-01 1.223044941637979610e+00
5.796683510643023673e-01 1.226913842068760196e+00
6.027228273728107988e-01 1.230822357527051603e+00
6.203290555780587301e-01 1.231748610021449419e+00
5.750850527427724401e-01 1.226798345247866795e+00
4.791108485889308266e-01 1.186977256994603325e+00
5.172030384178878393e-01 1.190049282811160625e+00
5.279049170862700757e-01 1.191609072433863492e+00
5.401160681228794891e-01 1.195984606287637364e+00
5.528130908418973366e-01 1.199678992904505082e+00
5.684903256177128439e-01 1.202124100004608342e+00
5.867156720297165284e-01 1.206383111876276226e+00
6.064837506911023857e-01 1.206636982128579616e+00
6.212797905084249672e-01 1.206508848988243843e+00
4.740763132532084256e-01 1.201147251769350888e+00
4.864666435311591486e-01 1.201618691112156911e+00
5.184703721916751329e-01 1.215824034534356279e+00
5.273346503274896069e-01 1.217052287597874427e+00
5.358624756199020789e-01 1.218543662209000900e+00
5.486158618264456166e-01 1.223117096923241442e+00
5.629599732203198759e-01 1.226993603080139827e+00
5.808610988926079521e-01 1.227865557042165046e+00
6.046372679399741878e-01 1.233620169671708844e+00
6.223987241979568319e-01 1.233019634507064088e+00
5.607876475591502263e-01 1.241559819080906069e+00
4.723960159034878981e-01 1.197110638950920736e+00
4.979178625657474933e-01 1.190479962971298988e+00
5.070795700600102540e-01 1.193006882308905059e+00
5.185866757887033218e-01 1.195913546710624553e+00
5.315070912258577085e-01 1.199597587374301000e+00
5.484580161247544217e-01 1.201534410169824652e+00
5.655710250665172412e-01 1.202981142328771291e+00
5.867737693153447509e-01 1.203652401613017009e+00
6.051687758507285908e-01 1.204744464844176743e+00
4.906478893888140402e-01 1.222454447875163552e+00
4.501763135308523012e-01 1.194604064810781408e+00
4.843173461104364752e-01 1.193373961041296116e+00
4.966975722877970401e-01 1.196509440838638083e+00
5.068601186141920012e-01 1.196755141532858557e+00
5.187537087108886613e-01 1.197198013872776690e+00
5.358921098259558091e-01 1.202179993305608097e+00
5.528992815238670255e-01 1.198744331097638005e+00
5.754495172397023905e-01 1.200353301511581261e+00
5.938427144514486500e-01 1.200362530805471062e+00
