3.118685007162798947e-03 3.415257913905496304e-04
4.742182741973017916e-04 1.345121362536319011e-04
3.791673118856597486e-03 5.500848132846848778e-04
5.350097451409386445e-02 1.663600044513126579e-03
1.608035187193036526e-03 3.258045494680004094e-04
5.861137647017318182e-04 1.483050969525079223e-04
5.082431320627162075e-03 5.295058338921890175e-04
2.334942455533373616e-03 3.403731281291644392e-04
6.865438653036778482e-04 1.742422376609603727e-04
1.215570809751428775e-02 9.141823207184220177e-04
9.435830590022515523e-04 2.549402565161381870e-04
7.090776868634558836e-04 1.818244355398812323e-04
1.720099829814395040e-03 3.008736712858012014e-04
6.289628875786482196e-04 1.581242210384263243e-04
3.593940578631070145e-04 1.094509754910076094e-04
6.433554192992547906e-04 1.853250996645753039e-04
1.566969209683834619e-03 3.535112641598991252e-04
8.816812296844550936e-04 2.169290650722190529e-04
7.371259848773447157e-03 8.724962527464173853e-04
1.336465592300744047e-03 2.739131912905959170e-04
1.219060007130313159e-03 2.403923399156995355e-04
2.261803578091749981e-03 4.231781049138081297e-04
6.300302659576870364e-04 1.615912537412870608e-04
2.581236467108790067e-01 5.385793778799987871e-03
6.372272350390915073e-03 1.110060429074311841e-03
2.525327084970863199e-03 3.714888278797318956e-04
4.323804007711472296e-04 1.350597474296791388e-04
7.357652409378954463e-03 8.644261215975044795e-04
3.111335265499284462e-04 1.054973321994647373e-04
4.040331753837973685e-04 1.251048431753704125e-04
9.214920650753805152e-04 2.137557669438505388e-04
4.034583664843222582e-04 1.324367933419216608e-04
6.717412519750190665e-03 9.205747046879057512e-04
1.347789550562748231e-03 2.818346460984488431e-04
6.826328274196152108e-04 1.624982184090785985e-04
4.936906922285964200e-03 5.242533180542399782e-04
3.959866499466388533e-04 1.255087185354843724e-04
5.386262520148166026e-03 6.239998105962524201e-04
3.877342802270178444e-03 5.755412589083830658e-04
