5.131727261384450012e-01 1.190781704192386270e+00
5.153993735964157441e-01 1.205843165756059321e+00
5.067437692592311471e-01 1.185092477717108572e+00
4.893486071214535049e-01 1.182874284356655536e+00
5.138302541177498517e-01 1.186580524856531316e+00
5.086572348646346553e-01 1.196626570154463609e+00
5.198384296937876847e-01 1.193321804135492048e+00
4.946788485871265739e-01 1.193530559336407837e+00
4.945674941289694981e-01 1.184508608794033968e+00
4.806254249542708523e-01 1.180323477022590328e+00
4.897746504072069684e-01 1.197693527054807472e+00
5.133605970672787677e-01 1.186520330625683295e+00
5.120558512005856100e-01 1.193308445403966189e+00
5.112266215907348421e-01 1.199931186458804255e+00
5.202525804034341395e-01 1.200674959576666812e+00
4.977893854460841983e-01 1.198476780369764683e+00
4.906015570806799286e-01 1.193435473085122656e+00
5.011051733425733179e-01 1.195422476950777524e+00
4.752011175635441065e-01 1.187542322781503845e+00
4.926551826383181454e-01 1.191870055695896990e+00
5.020934479639250769e-01 1.191307455479833521e+00
4.928271945640594898e-01 1.187474316040393552e+00
5.175980628999747868e-01 1.192726774904427023e+00
4.895866441791072998e-01 1.173643988583296771e+00
4.873160560930357987e-01 1.189401031750142224e+00
4.988355684205221796e-01 1.186159876946967673e+00
5.108360157885292185e-01 1.194661340748900180e+00
4.699188556477336132e-01 1.171191841170838188e+00
5.098958765156946793e-01 1.215785004720313811e+00
4.998363258792072883e-01 1.187700189618236868e+00
4.957954643737912392e-01 1.202971508147697932e+00
5.135238894490202766e-01 1.216656858426236498e+00
4.888166638066574476e-01 1.194556205461794418e+00
5.051839335807160047e-01 1.196952691460577478e+00
5.073817687028605583e-01 1.193974458431400043e+00
5.100782465893436424e-01 1.180704987621177482e+00
5.134375808293227816e-01 1.205557333720984170e+00
4.882649289828679962e-01 1.177820511067815712e+00
4.826019812020193589e-01 1.189098352031442207e+00
