2.074087446519418308e-05 3.721385653443562023e-05
1.646907177360478110e-05 5.043760333222050590e-05
2.814432389271675155e-05 3.962971434837918549e-05
3.265544001486593833e-05 4.438677381067028304e-05
2.515490988505849577e-05 4.436193368750002760e-05
1.556426072852936177e-05 4.584899504777912340e-05
2.557541076167382183e-05 3.926881394355826192e-05
2.039124418553227655e-05 4.721095905491808618e-05
1.584531805158136708e-05 4.143596278079645859e-05
2.314169426632635505e-05 4.328559233904045734e-05
1.822262915566846042e-05 4.128565748942943255e-05
2.061395952498281872e-05 4.172111931398078991e-05
2.188014754434615319e-05 3.807217160337718960e-05
1.794346978490430413e-05 4.478013935963304047e-05
1.674058263225260297e-05 4.471812311922945972e-05
1.588322646533540684e-05 4.935794015022201142e-05
1.929803102010976701e-05 4.166309726716305092e-05
1.851100480650982760e-05 4.731413137265914469e-05
2.393270871596587501e-05 4.693767573100717492e-05
2.088799623345651344e-05 4.607177563404613984e-05
1.887553274627552536e-05 4.244829837307434635e-05
2.118438338575630742e-05 4.340627715573413788e-05
1.816632589252723348e-05 4.407255477338206673e-05
5.444756396151151248e-05 4.865389217134717914e-05
2.891355581923020954e-05 4.546641313104761602e-05
2.165015898595155810e-05 4.763173417422648443e-05
1.546654313974935984e-05 4.679462251474614471e-05
2.488934129753956175e-05 4.613576607060283210e-05
1.522720758343035940e-05 4.622627900663175716e-05
1.532493100723975092e-05 4.601009555629611989e-05
1.658703209709536959e-05 4.274573284942722538e-05
1.582047584857002102e-05 4.607465095075956969e-05
2.714866951804803562e-05 4.717792255719723395e-05
2.006496641975061138e-05 4.467753401784505982e-05
1.917374891437450640e-05 4.537918361120457617e-05
2.700306029493994826e-05 3.618434527263507232e-05
1.491344205323130796e-05 4.584742542028835574e-05
2.287838489967569317e-05 3.982582323195419619e-05
2.334024237798686585e-05 4.160183754018579558e-05
