4.651512582386959846e-03 5.457555601104651516e-04
2.091734641020631745e-04 1.088303663687380138e-04
4.215477847155566074e-05 7.163831544901015538e-05
3.543770454441208230e-05 7.399388681747953896e-05
3.042331060070780198e-05 7.771374264447161381e-05
2.824453664422313463e-05 8.434325159803286926e-05
2.755960236497595142e-05 8.981487437501299044e-05
2.480188572472970360e-05 9.938496553587210312e-05
2.462441544986767737e-05 9.791531620777686816e-05
2.562738186821790466e-05 1.045996040813304551e-04
6.728359010345532753e-04 2.060797829182888104e-04
9.879954140578771533e-05 8.821699297135132645e-05
2.910761793638196574e-05 8.139674153259841838e-05
2.606585615963955441e-05 9.642143622289776016e-05
2.690916378741981392e-05 1.101318800181091582e-04
2.528252034103279687e-05 1.231013529984851509e-04
2.424123497572120664e-05 1.313886631278593151e-04
2.295012630589609638e-05 1.326787120112255653e-04
2.412617113343932775e-05 1.678969912889737644e-04
2.870824298190842146e-05 1.786865342494877243e-04
7.097537666016215385e-03 1.006634855525546848e-03
2.770853618052784937e-04 1.230809346353239355e-04
4.949366124808012441e-05 6.830418625608232312e-05
3.806200803055402783e-05 6.063865029548446469e-05
3.277991172212424886e-05 6.343568860207700268e-05
3.409205412524522494e-05 7.282672179285914853e-05
3.265374147837019270e-05 8.900982394193116345e-05
2.826624576976447434e-05 9.106451860564124029e-05
2.733017742438188896e-05 1.062800797405186371e-04
2.592461003253613788e-05 9.607507166782040483e-05
7.925005174873929470e-02 3.163484665777977715e-03
4.582750235545395706e-04 1.595045026986163588e-04
6.146413480348931406e-05 7.989552476957445407e-05
5.299640594369220691e-05 8.288250654752667222e-05
4.932955856577830113e-05 9.153019834027172335e-05
4.243908824359732317e-05 9.838750254801964252e-05
3.665773911341111129e-05 1.024650003809593723e-04
3.474720992729843605e-05 1.134837438281876128e-04
3.068005905844397815e-05 1.134814080342873949e-04
2.895669799540390567e-05 1.170974729501683752e-04
2.298438562734851209e-03 4.627288430925695860e-04
1.908245566498513229e-04 1.118269517898942504e-04
4.418092966732612049e-05 7.510472840188251625e-05
4.135579610913615363e-05 8.027349102714359617e-05
3.396502818869724389e-05 8.150571753430374251e-05
3.377166709357117095e-05 9.222620956280566076e-05
3.323682743800811013e-05 1.124152949878926201e-04
2.913177161803353284e-05 1.066222161322561590e-04
3.116603868411743899e-05 1.394814539315975530e-04
2.964824234771492264e-05 1.329671003772377202e-04
7.418394250836672643e-04 1.900495966398516967e-04
7.842581000150440965e-05 6.217420212301678765e-05
3.138333654964458550e-05 8.750532405885121513e-05
2.623978841745225262e-05 8.977091501499201464e-05
2.226226079673231499e-05 8.879642791895194962e-05
2.056383962562355729e-05 1.103585942559320632e-04
2.182030385114551920e-05 1.276736953210647182e-04
2.142871830688419021e-05 1.328879965139609116e-04
2.036086437635144467e-05 1.772442062402130171e-04
2.357389994651826659e-05 1.959672502123848445e-04
6.448099720495323664e-03 7.168701769051406955e-04
3.229498664015606306e-04 1.197968254238005614e-04
5.314894334587840229e-05 7.212174591492914396e-05
4.600670928039245504e-05 7.352665407899201865e-05
4.416021838133868524e-05 7.754726575959717128e-05
3.604234879625148921e-05 8.172092005926347353e-05
3.309528729024941818e-05 8.900709120004389214e-05
2.992145200433420671e-05 9.302420245787409677e-05
2.941601924827346758e-05 1.149632836614249056e-04
2.941899969953492053e-05 1.326450272762184760e-04
2.884331539809936295e-03 6.657593794694143668e-04
1.834143797236499466e-04 1.169327304121081272e-04
4.201768953228481377e-05 7.722648868852409107e-05
3.126019630705707179e-05 7.877417741004566736e-05
3.090476037148694616e-05 9.422652485018765929e-05
2.827948962015482923e-05 1.162186313011081954e-04
2.588678698878787095e-05 1.105146853807773932e-04
2.679921271038237751e-05 1.235758692694811391e-04
2.654484606730907626e-05 1.445580813580179050e-04
2.702149394744080837e-05 1.578874265307707466e-04
1.025111061752887517e-03 2.751563263813509071e-04
1.006519367521377416e-04 8.728240622986133612e-05
2.947058981192250522e-05 8.378412548812731817e-05
2.733080962104950419e-05 9.194095362796441382e-05
2.838206113967007196e-05 1.134601591575729458e-04
2.334087614632595107e-05 1.183259653478028914e-04
2.238234208133747959e-05 1.417957578085179840e-04
2.174464734461555149e-05 1.433346297588677823e-04
2.319201641579335729e-05 1.645177766722026905e-04
2.549716319963308813e-05 1.754264650197740545e-04
1.832210121429097768e-02 1.486772947072358825e-03
3.484698338340940708e-04 1.701872740105332053e-04
4.808946706219041666e-05 7.425330742384864797e-05
3.591448699591715980e-05 6.699028019628966684e-05
3.460598008268516655e-05 7.803672623343223334e-05
2.604679223960534366e-05 7.653837609703595206e-05
2.786322310907590280e-05 8.122631663478180059e-05
2.500396192976900436e-05 9.323030515864931284e-05
2.191982583988056867e-05 1.088192007955386193e-04
2.425585698434813727e-05 1.125468774643981548e-04
1.682739895887705754e-03 3.951046182595818941e-04
1.200022112336981565e-04 8.565890626773433171e-05
3.167953307761766502e-05 7.660792049606292471e-05
2.789188528568578034e-05 7.567944426941108666e-05
2.653816766695519196e-05 7.707408932280761498e-05
2.271854572923354013e-05 8.274822245049915726e-05
2.037313061286127866e-05 9.865799230086276332e-05
1.954899995614420375e-05 1.170161043598536504e-04
2.154649914587027643e-05 1.193512331147227458e-04
2.239129366402587952e-05 1.272767775073786083e-04
1.284934382888105932e-03 3.254156588353501137e-04
1.164037610394454554e-04 8.475089240808503775e-05
3.407939412314312162e-05 7.295478568469779593e-05
3.210002653252585862e-05 7.700713851614884441e-05
2.861994439592693737e-05 8.371746728577439053e-05
2.753225606937151416e-05 1.048772115404353344e-04
2.702488904216460483e-05 1.112077934227844985e-04
2.616621428299418058e-05 1.271824884866015000e-04
2.600433031290179706e-05 1.294358737089031694e-04
2.770282777373279527e-05 1.396172761055680710e-04
2.720983845861924943e-03 4.845494868849678071e-04
1.660186681308828220e-04 9.823635580172651398e-05
3.715817710294804204e-05 7.186282926640346811e-05
3.654196070674799499e-05 7.675102869011575101e-05
3.302900565198542914e-05 8.669049962546178302e-05
2.869714668760331417e-05 9.456665497811567796e-05
2.490158532977404431e-05 9.740095508012864081e-05
2.435538714645078877e-05 1.124582305631074107e-04
2.567078163233197191e-05 1.269917247641756675e-04
2.576780824376899025e-05 1.345211920039680311e-04
8.526081456744051892e-04 2.279505437605435750e-04
1.142712908396635682e-04 9.574268641675093251e-05
3.302924616583108514e-05 8.958325526114598719e-05
3.068009674913773130e-05 9.388100709375682027e-05
2.620296737552190911e-05 9.682546628192395608e-05
2.413607137686981174e-05 1.173349640715726938e-04
2.410029571506274747e-05 1.239292947708160448e-04
2.558374639803630586e-05 1.472050271432933613e-04
2.735312334654372367e-05 1.701747189157109662e-04
2.751450250993165011e-05 1.740188217331480925e-04
4.678278968488898360e-04 1.628655855109630848e-04
8.370834630723471184e-05 8.135350757291606228e-05
2.872854070547193293e-05 8.595015070082325534e-05
2.658156625559541741e-05 9.491914245585950398e-05
2.471158260719847843e-05 9.894494105609080714e-05
2.347411791512709744e-05 1.205931373185995952e-04
2.111382460570775148e-05 1.271076425460781947e-04
2.177121359892258533e-05 1.573067436892735627e-04
2.140606084835273859e-05 1.812862390240534919e-04
2.305974571575505997e-05 1.971653831901287843e-04
1.134461397903114340e-03 3.220412269811892309e-04
9.122328533397528263e-05 7.396217510562530636e-05
2.974165994705734822e-05 8.432138451744453143e-05
2.552759610022769602e-05 9.007554535199994864e-05
2.521060597012258169e-05 1.086656889258383373e-04
2.405605296047526383e-05 1.144042451571770680e-04
2.393154700526692682e-05 1.475602454134110049e-04
2.162596094820268432e-05 1.651698091041493247e-04
2.491621984823539764e-05 1.935354318210257918e-04
2.676565751759810963e-05 2.009391176465725732e-04
2.988733560364713326e-03 6.287863669481341981e-04
1.573421811566757460e-04 1.005951184630365756e-04
3.906593870394118332e-05 7.906047086611716636e-05
3.162723916393168124e-05 7.871644351608787944e-05
3.049943734679561668e-05 7.749799218933177284e-05
2.511255302682506132e-05 8.415331973219032776e-05
2.619758865098376505e-05 1.031459901316190714e-04
2.269571898681645619e-05 1.111472898033889263e-04
2.421220997405870701e-05 1.279184882584710661e-04
2.654971012924636705e-05 1.487794387181011881e-04
1.359139126748720337e-03 3.313036654167535134e-04
1.156652583697931146e-04 8.444580485351564419e-05
3.586760250103958602e-05 9.039428887055089498e-05
3.409528203943487526e-05 1.083274898177593589e-04
2.651800528480666605e-05 1.104321157624235482e-04
2.462038490509658672e-05 1.161811395232013059e-04
2.535146036784934639e-05 1.355037394148270354e-04
2.502503397888418499e-05 1.415422516193051250e-04
2.382512098612539101e-05 1.618497857393545367e-04
2.481070252012674253e-05 1.797029134345045568e-04
7.263425811171406524e-03 1.182697086822026480e-03
3.305013226429870605e-04 1.686138020822736388e-04
5.623478486606528487e-05 9.837492643642025835e-05
3.964516279131000446e-05 8.536338388077143857e-05
3.548277117050958136e-05 8.850816546609411445e-05
3.146889090831773815e-05 9.688263625671440023e-05
2.810857673071628387e-05 9.147274510260367485e-05
2.465808527410154487e-05 1.047073837005374063e-04
2.743633630296392771e-05 1.209736795470110104e-04
2.812958265766244846e-05 1.298939808712059653e-04
1.881794406789138183e-03 3.977007812526263029e-04
1.350344165042885729e-04 9.446065914582296578e-05
4.282357833513883221e-05 9.478935889500376640e-05
3.500247203566444332e-05 9.330008008587334877e-05
2.829033690021124877e-05 9.047371696520121055e-05
2.835185040962909600e-05 1.093349707983460835e-04
2.546579653524981120e-05 1.171321735012928304e-04
2.501124619367208897e-05 1.243620886098516199e-04
2.534248435255342509e-05 1.475027348979295234e-04
2.608921785797736919e-05 1.604427315445501763e-04
1.813010571700721151e-03 3.741928943582282889e-04
1.330303437889411003e-04 8.579502642547179715e-05
3.173369471449309518e-05 7.157696895138571406e-05
2.699437952864597751e-05 7.377478166762369677e-05
2.581721148296851426e-05 8.683781281621341978e-05
2.273258649441937382e-05 9.127712857588037108e-05
2.252038891341855741e-05 9.723910808418489429e-05
2.158524123861643194e-05 1.175716031128057126e-04
2.283216394897945786e-05 1.437342607996439146e-04
2.211912129518630359e-05 1.607643152062452274e-04
3.337248228148405240e-03 6.531315158441612688e-04
2.020690452300573901e-04 1.130438582668689062e-04
4.431133661807963218e-05 8.337953462766742947e-05
4.221147933350037466e-05 9.348910488245310382e-05
3.169398854867322060e-05 8.871071856411810188e-05
3.088595190402661082e-05 1.041682108021120496e-04
2.523514998572583308e-05 1.045451995172651862e-04
2.459925924551428661e-05 1.082968106327852030e-04
2.377780076039872701e-05 1.220809767128161721e-04
2.575278223856240732e-05 1.386380147707982555e-04
7.474285371418347684e-04 1.874966859855473327e-04
1.067519041644275412e-04 8.446164833945326732e-05
3.206637845460445470e-05 7.991066134542101213e-05
2.793573422301158168e-05 8.039037418132388647e-05
2.710232471592373822e-05 1.011133537438338865e-04
2.490086947331174752e-05 1.078801630227793076e-04
2.365960924708869346e-05 1.217976296411221721e-04
2.435058673082650022e-05 1.407334180787459758e-04
2.378388631198430760e-05 1.606684621815283604e-04
2.489314856543314939e-05 1.801549311423049132e-04
6.667279027271563741e-02 5.211789430056241144e-03
1.121608682404860984e-03 2.944692564699748173e-04
1.038722776806643485e-04 7.836569185535085440e-05
7.191902259480657355e-05 6.521233601962747204e-05
6.218472770734041755e-05 6.353203284494419968e-05
5.511015748040599347e-05 6.743656204898283127e-05
4.170483306688833294e-05 6.866319709364831700e-05
3.737458642725271016e-05 7.011320115048604951e-05
3.831608107944295448e-05 7.914207783402242579e-05
4.130043673440313921e-05 9.350193110436725761e-05
1.634739008557222276e-02 2.204962062752078254e-03
4.161035786880239564e-04 1.743703805776336427e-04
5.509769376968219010e-05 7.127825383174536764e-05
4.732963301071680849e-05 7.153562601178697618e-05
4.202825623550283197e-05 7.873858295125579375e-05
4.110593310554584061e-05 9.723360965787992071e-05
3.350563530129361286e-05 9.729560560748804973e-05
2.930054592010029104e-05 9.127044211158624450e-05
2.790763474133490070e-05 1.010489937769102492e-04
2.994846086763888401e-05 1.228041487991477388e-04
4.923120725066115234e-03 6.261731430056569547e-04
1.766212443301334791e-04 1.043395924272170160e-04
4.480523045616307968e-05 8.814481849343236137e-05
3.738476104245563750e-05 8.711310014578892342e-05
3.257489698919361861e-05 8.753579297103458745e-05
2.831293545145938277e-05 1.004115058300294853e-04
2.646477824742107262e-05 1.172494982713599921e-04
2.651908516041614165e-05 1.378187495289443095e-04
2.613145802601734259e-05 1.406604189017444538e-04
2.402698787000211582e-05 1.556967079581336396e-04
7.032960986115183210e-04 2.215017203434637577e-04
8.267117176828528641e-05 7.005523461734420817e-05
3.100631668637367927e-05 8.733950255936835942e-05
2.923916804201463190e-05 9.889754066810330438e-05
2.533632677693805821e-05 9.939125521330961679e-05
2.406396830302105408e-05 1.119234780441107313e-04
2.289650749582717071e-05 1.411658952191690122e-04
2.394208812900276164e-05 1.674998703101273950e-04
2.548570845340441149e-05 1.733794978318246817e-04
2.609851668396758324e-05 1.936162943127131683e-04
7.741527246481099203e-03 1.026725025851190796e-03
2.449346754986473436e-04 1.266808371902434810e-04
4.224974605841452492e-05 7.441616896230801234e-05
3.670370369555006336e-05 7.988630629654951208e-05
3.130047060250409755e-05 7.652859326396168910e-05
2.899118520500168893e-05 8.514948672230103390e-05
2.626579127409387545e-05 9.014796720904388373e-05
2.633705384013119446e-05 1.219341818844225505e-04
2.628546287636066044e-05 1.219796499620657957e-04
2.467300124042700728e-05 1.312380240446323803e-04
4.446993315758386773e-04 1.605566253173112631e-04
7.202754511776514302e-05 7.332350402540130634e-05
2.809980028005709684e-05 8.955903800197079310e-05
2.697273324276470833e-05 1.153182616575512535e-04
2.415800624509526948e-05 1.200352703171866155e-04
2.210773708186001483e-05 1.197961621406298235e-04
2.179774488074320520e-05 1.353097472718193357e-04
2.287509574264916750e-05 1.627655712821137282e-04
2.357763330840711148e-05 2.045408172809049972e-04
2.603093890664932061e-05 2.356346692391855541e-04
8.532304236309380154e-04 2.657294092394588657e-04
8.086497441295232072e-05 8.004879091597879085e-05
2.680278197565207624e-05 8.175715345112124545e-05
2.509063157187579334e-05 9.956489890799151031e-05
2.260025360331920584e-05 1.119105189842624300e-04
2.317182334127491098e-05 1.365318667752120276e-04
2.131003699948164513e-05 1.399186360766546970e-04
2.192798339755413210e-05 1.631355330745131501e-04
2.256991315804052987e-05 1.888309012707258764e-04
2.582687987954277741e-05 2.081031461935558874e-04
1.710578559980360401e-03 4.039678881531108198e-04
1.239552433436357166e-04 9.050226440596207224e-05
3.041961061647376380e-05 7.962177152543398293e-05
2.756091636569115328e-05 9.136582066562650979e-05
2.646823615925434419e-05 9.418099553029087674e-05
2.350915816855721218e-05 1.059761598950785446e-04
2.173571071041284153e-05 1.281095146936152859e-04
2.287878823138156335e-05 1.344599386369280244e-04
2.230821917217829092e-05 1.506353878849211330e-04
2.390367745146130006e-05 1.635103142479795650e-04
6.685424451696424112e-04 2.104116137433273209e-04
9.066564397014911065e-05 8.776864245483864083e-05
2.828813530005687486e-05 8.624148637447903861e-05
2.491986012461508296e-05 9.959227637590671632e-05
2.410551111017171361e-05 1.166561453791950672e-04
2.122540444915599768e-05 1.208085138478829306e-04
2.346188876135902083e-05 1.458705979834064824e-04
2.218888763675310960e-05 1.793330616869541277e-04
2.546461198285054363e-05 1.936833106361021770e-04
2.613526628270991840e-05 2.149729933885980663e-04
1.236298608437496997e-02 1.913298734419870530e-03
2.999663620573087019e-04 1.459214130772983336e-04
4.848351887867471016e-05 7.024545917487137303e-05
4.310807310768181557e-05 7.667617350765946181e-05
3.502299577440829451e-05 7.633635285938675187e-05
2.942046446963363863e-05 7.793979702439221839e-05
2.697680721081422006e-05 8.776152834563955279e-05
2.794612665133158310e-05 8.936029584300601565e-05
2.837476254329138523e-05 1.030616939674199278e-04
2.762104127695802955e-05 1.041221655546756579e-04
2.159170116538120486e-03 4.704279669947539514e-04
1.611239937528446031e-04 9.505415616213542997e-05
3.980991421268972039e-05 8.084798840786665524e-05
3.366039350195432797e-05 8.381091745912466198e-05
2.971504428491962983e-05 8.539414075597500698e-05
2.825096260296687189e-05 8.755733278919267592e-05
2.472326566638321705e-05 8.934845810044112478e-05
2.242057318447351961e-05 1.072822487901963645e-04
2.326992066953967696e-05 1.401827175820331080e-04
2.391074408182209012e-05 1.480193609686202764e-04
9.807626819468737937e-04 2.722420215993092687e-04
1.197038479027433131e-04 8.577283757537314452e-05
3.484989142439960566e-05 8.318394973369372739e-05
2.943132051206428688e-05 8.795060480085812736e-05
2.730270586695328754e-05 9.533763898005816792e-05
2.610394907825187838e-05 1.020650898943598251e-04
2.421967564318500154e-05 1.230067202224167748e-04
2.384580855656510539e-05 1.357581269496012865e-04
2.539899110939532561e-05 1.538839743765248896e-04
2.550756113707370150e-05 1.548224276428718411e-04
7.898111087867875496e-03 9.063910276347691367e-04
2.706388257738748639e-04 1.121325623937700661e-04
4.664625931616506502e-05 5.565721955630419397e-05
4.258573850729905556e-05 5.980994327217380608e-05
3.801044324073554780e-05 6.926264815448719627e-05
3.534306891147239116e-05 8.486512803647087880e-05
3.116488322750445451e-05 8.439532768979361547e-05
2.926918828266763191e-05 9.837571901483397891e-05
2.799107575671591321e-05 1.106935300947543252e-04
2.771179069497726243e-05 1.128355681780049294e-04
6.332172857723784637e-04 2.093538496873546687e-04
8.745953347523598219e-05 7.192424152194149586e-05
3.340373871952351844e-05 9.769068840462405781e-05
3.055173305406012739e-05 1.158371724151668832e-04
2.670120371294295198e-05 1.227720449828999423e-04
2.599891005448975155e-05 1.254620782427302600e-04
2.271609709069814266e-05 1.409724125236670050e-04
2.412721172894635114e-05 1.546237300390921395e-04
2.499821240245262782e-05 1.693568285297409183e-04
2.639212550707173310e-05 1.714651956452509891e-04
8.601337251312284049e-03 8.868233504755011765e-04
2.284370706209607209e-04 1.112074951380353301e-04
4.403526237970201840e-05 7.485633900357156886e-05
4.093456464707596740e-05 8.349726226896936321e-05
3.405566226997743635e-05 8.299245044474096297e-05
3.074974198689542750e-05 7.848143975034851765e-05
2.908908119109775178e-05 9.155928685344547904e-05
2.738402086264097140e-05 1.134818995548631004e-04
2.651477102643728367e-05 1.280957717673256375e-04
2.910769824702197044e-05 1.427339339734728105e-04
1.152419970393295766e-02 1.292392013823373282e-03
2.150852277697120317e-04 1.254827531459755461e-04
4.599427432690034146e-05 7.938394055109116202e-05
3.666532873174352256e-05 7.388051574380231066e-05
3.187358243406922004e-05 8.015383214499858199e-05
3.167727235448532046e-05 9.641899659235952393e-05
2.765659623429937377e-05 9.110506925331204495e-05
2.682093810954694040e-05 1.030736049421726022e-04
2.598644365224496138e-05 1.048911050117964683e-04
2.520364804266520036e-05 1.260697769113419838e-04
