5.833341307900888895e-01 1.216810394210214863e+00
5.879859598694364697e-01 1.233158383282199289e+00
5.749514699081771374e-01 1.197257059759742281e+00
5.628628175225472985e-01 1.200372481200943531e+00
5.899255339208518967e-01 1.209620945069809217e+00
5.775512765669389426e-01 1.232948005393583069e+00
5.862992410535670107e-01 1.212094927847328307e+00
5.626192507217409045e-01 1.210861831213294604e+00
5.675505569598816580e-01 1.215713306881404554e+00
5.501566816148724115e-01 1.197335699752850591e+00
5.551719451119584425e-01 1.217809787784844611e+00
5.906545345168107142e-01 1.212274019184273355e+00
5.763877896598301742e-01 1.210432420866149439e+00
5.795959864641524462e-01 1.221508121591736051e+00
5.939519590664085191e-01 1.241837063640940153e+00
5.593246346267871649e-01 1.212899446879624366e+00
5.583417891211717166e-01 1.210875743263832405e+00
5.714689614557726394e-01 1.227159587747877811e+00
5.415456336604568266e-01 1.194044114777231824e+00
5.641296958857380250e-01 1.210781444557379904e+00
5.730617708873653182e-01 1.215883032628999549e+00
5.663789537351768821e-01 1.208687082664387180e+00
5.907753645958055966e-01 1.229059145754616500e+00
5.516166444954839765e-01 1.172579746071354068e+00
5.529945201417690859e-01 1.196520093644631411e+00
5.691127537044674556e-01 1.209476749751975833e+00
5.816824478581407165e-01 1.222794106911660128e+00
5.457759106917412506e-01 1.190343282405176950e+00
5.735990210713471926e-01 1.239469947574238118e+00
5.730505061165579450e-01 1.226270269590162831e+00
5.625175262322446024e-01 1.222355533532293093e+00
5.721176660542048875e-01 1.232451172356395785e+00
5.494082661632369025e-01 1.195417777828408301e+00
5.720717373228866309e-01 1.209906942474156422e+00
5.796683510643023673e-01 1.226913842068760196e+00
5.867156720297165284e-01 1.206383111876276226e+00
5.808610988926079521e-01 1.227865557042165046e+00
5.655710250665172412e-01 1.202981142328771291e+00
5.528992815238670255e-01 1.198744331097638005e+00
