4.246647624799617660e-01
4.165314171562410905e-01
4.161713286007309165e-01
4.123833858548593412e-01
4.175876828942772789e-01
4.186622416924645762e-01
4.202529074672760601e-01
3.939024003400017904e-01
4.086800376157899706e-01
3.908090728254620672e-01
3.894626913180108119e-01
4.090785682818260938e-01
4.102856284232281325e-01
4.095492438429371163e-01
4.274878804357502560e-01
3.979155517919377161e-01
3.913218570441685529e-01
4.055187034128042711e-01
3.685073414674668868e-01
3.862543991685090106e-01
4.140460518882314034e-01
3.974487425214743297e-01
4.268238749008190780e-01
4.049637699801795776e-01
3.982645239090611966e-01
4.069197149917318512e-01
4.044282592810013455e-01
3.713835619854695125e-01
4.119710285004369865e-01
4.057500558259743428e-01
4.029804877649816319e-01
4.128473558855070280e-01
3.831455769504579223e-01
4.049820186656098997e-01
4.181995110899823231e-01
4.176845867744010121e-01
4.151052889106470190e-01
3.947295780613906402e-01
3.798122485847255092e-01
