5.951573488729273638e-06
4.407358153214271877e-06
7.376065211474299167e-06
9.156018403672425612e-06
6.647289981640654903e-06
4.265512530145059895e-06
7.349861165110653184e-06
5.464146218108164904e-06
4.385204209977871884e-06
6.677024417801896823e-06
5.046948441838159193e-06
5.299413883406171034e-06
5.929404408627277275e-06
4.781431125339737092e-06
4.071138193297095775e-06
4.641810842085689574e-06
5.239634791722028126e-06
5.152977678386237882e-06
6.577028639501205600e-06
5.671936376733152427e-06
5.136153005384951638e-06
5.831870589269645264e-06
4.910018443046134165e-06
1.411878369496926040e-05
8.033742771963639829e-06
5.779986655801656664e-06
4.412354543886089057e-06
6.796829830810476574e-06
3.983713446660688599e-06
4.088962357514111599e-06
4.686293261002057802e-06
4.144749397647713214e-06
7.552399492644433844e-06
5.651420763623878563e-06
5.031543202548246982e-06
7.690443530728882255e-06
4.106954663441987079e-06
6.387333911132645896e-06
6.528478181506248501e-06
