2.741197608030678594e-05
2.014486275603043477e-05
3.080559948517530789e-05
4.062543177051059878e-05
2.980534761168857248e-05
1.831740873103376418e-05
3.564621841252497454e-05
2.647507656771334089e-05
2.040842626598476136e-05
2.982932428344475085e-05
2.103943540182059502e-05
2.307295343960433532e-05
2.619791690972084850e-05
2.200200723779480267e-05
1.824160018843357353e-05
1.982058141052504070e-05
2.520899686175653246e-05
2.273749005204456358e-05
3.323500692716930378e-05
2.531443283521098663e-05
2.116602574251429117e-05
2.879577081264077118e-05
2.078525078252624404e-05
5.939265305631692639e-05
3.735399623075020376e-05
2.746955520052918773e-05
1.970421417987667405e-05
2.820906214392044216e-05
1.780869250798781267e-05
1.820159916803074972e-05
2.113818498184601646e-05
1.888231463755547413e-05
3.208973720379488701e-05
2.523004189276772840e-05
2.228452518670440312e-05
3.221285891058832596e-05
2.058712013789787133e-05
3.032207056079018064e-05
2.876629300579910964e-05
