1.966725361760932600e-01
2.120776929857690618e-01
1.976342648644386912e-01
1.860795062515112619e-01
2.132759385708080657e-01
1.974126040441479546e-01
2.052983702981929781e-01
2.078090005954269515e-01
1.972098633502632481e-01
1.969256412960742608e-01
2.065854042174013472e-01
2.254289340151132137e-01
2.062893404169461320e-01
2.114011082443685297e-01
2.063382856135085319e-01
2.022428346305993330e-01
2.071966524421835487e-01
2.057734575253089560e-01
2.136265250356270684e-01
2.202653778566574516e-01
1.982444730169152791e-01
2.090971131859564736e-01
2.035414648415585503e-01
1.808484634575524552e-01
1.919322512032390904e-01
2.031174047506834057e-01
2.208269514133718303e-01
2.155863863604707831e-01
2.007666618268579839e-01
2.066932889411603469e-01
1.977597399211052931e-01
1.998127783963408177e-01
2.066297005058697067e-01
2.089209778888818647e-01
2.020912771936558272e-01
2.073064730842286707e-01
2.072874173539425158e-01
2.116999738719478330e-01
2.154350125415067652e-01
