1.199322541984522753e-04
1.001460517955258758e-04
1.316013057398273246e-04
1.637875916627670476e-04
1.343664618943740609e-04
8.805924559538900152e-05
1.497413518120228480e-04
1.201613519892572707e-04
9.759733204880642707e-05
1.240225676885844811e-04
9.569204379002812686e-05
1.097313571821734157e-04
1.165572112500173050e-04
1.073389639689791784e-04
8.762595384373482021e-05
9.803634003493951745e-05
1.138183556661982618e-04
1.047515122318002300e-04
1.407002766284147055e-04
1.141754783442893058e-04
9.718555255894444013e-05
1.228175600883244607e-04
9.891518676159217777e-05
2.347206812242677262e-04
1.541296606559488126e-04
1.189766189480049170e-04
9.727404361840148381e-05
1.225066585107987150e-04
9.011039230949056034e-05
9.111123860359665399e-05
9.859549522234727472e-05
9.524882786756274473e-05
1.381550589086430675e-04
1.103173831834579127e-04
1.047981044122404183e-04
1.375962695332952346e-04
9.961455838745396298e-05
1.330055257249374381e-04
1.241325231095191314e-04
