1.194048300518588235e+00
1.199811533419211429e+00
1.189454356104086230e+00
1.209588798298508294e+00
1.181608641326814535e+00
1.184066401863319129e+00
1.181401133490284749e+00
1.189560130133738625e+00
1.195658156214875589e+00
1.190236430232605613e+00
1.186137322008944395e+00
1.177733912452730181e+00
1.177491750199017417e+00
1.186231053564833715e+00
1.185322966193629313e+00
1.185583043645570100e+00
1.189477794274916178e+00
1.187644320181862057e+00
1.180912394194548298e+00
1.185038348891808369e+00
1.197192885139919838e+00
1.197103380377924964e+00
1.184631330910116631e+00
1.189378811789371326e+00
1.199879552462803645e+00
1.183560367752372500e+00
1.167534042338253641e+00
1.178977368449436014e+00
1.192068018979719923e+00
1.180115755995453597e+00
1.202004626970522239e+00
1.185947684954276937e+00
1.192038176480661349e+00
1.193245191147266127e+00
1.190368011331347731e+00
1.178265452639621458e+00
1.190252426454891932e+00
1.187154575110760391e+00
1.192505009196771937e+00
