6.157989182208314298e-05
5.959268692242450171e-05
6.897151296155959585e-05
8.698512807983439852e-05
6.658531565607078077e-05
6.034053435806289951e-05
6.731373780504588337e-05
7.020798825532166630e-05
5.926625721156595467e-05
7.805162594583200692e-05
6.465854293984107937e-05
5.933486626092117464e-05
6.772218052360119429e-05
6.197628242538341789e-05
5.373044776078280603e-05
6.531914796841737443e-05
6.692516826792288412e-05
6.730456966654052055e-05
7.814499545577486053e-05
7.113960383954079912e-05
6.313856341600847287e-05
6.625059059898812889e-05
5.926354004996106146e-05
9.460407012914767830e-05
8.261156657694535249e-05
6.955765327150367652e-05
6.005154342754804236e-05
8.029012064635627339e-05
5.462217672499666311e-05
5.653152748017445286e-05
6.255093533568945030e-05
6.111953276261349402e-05
8.266079530857031417e-05
6.687015450717829362e-05
5.762592053847499378e-05
6.533948667747259268e-05
5.608381318302167051e-05
6.769223929057874083e-05
7.323955103350056155e-05
