2.102050146122783986e-05
1.714691825602756949e-05
2.461275701670112643e-05
3.254264139330917258e-05
2.262364436353245825e-05
1.871445887413161857e-05
2.416390244845610140e-05
2.368846208582277887e-05
1.845672937654123085e-05
2.819253844981273223e-05
2.137717035765409579e-05
1.991399983288589785e-05
2.292252078442329151e-05
1.992902816421959858e-05
1.589697803714471586e-05
2.041263624814461416e-05
2.315988244268906682e-05
2.156239747787800520e-05
2.815993629259166807e-05
2.327677552056088466e-05
2.097505822489772047e-05
2.353140568667416729e-05
1.947271021290431452e-05
3.687075287855942017e-05
3.011692092091633897e-05
2.330227906880361695e-05
1.781871671663933648e-05
2.855965238471095243e-05
1.617049632419880395e-05
1.692275294651874435e-05
1.994211911765170951e-05
1.814202561302172360e-05
2.982881262272189655e-05
2.279416100912250693e-05
1.809642157345925140e-05
2.319752268646633881e-05
1.690243531961148923e-05
2.391269546914247450e-05
2.618873433092615207e-05
