2.584062617142635077e-02
3.787982543330059571e-02
8.701875015049154172e-03
-1.010136322706856049e-02
3.362256484120962341e-02
5.792377772990064955e-02
3.497920196244308499e-02
1.930955930158972933e-02
2.250851685759513998e-02
6.074892701359857483e-03
3.693162430060681345e-02
4.163306438945824084e-02
3.820551206447930781e-02
4.146814265898157714e-02
6.583368337481942945e-02
3.259763943639981676e-02
2.559629789409711975e-02
4.437412006936014564e-02
1.696665646818829032e-02
2.826164764140415286e-02
2.382029034477994855e-02
1.398375881119306996e-02
5.472003317881046769e-02
-2.166400653804956278e-02
-5.906451047817284916e-03
3.350318846764821501e-02
6.832696369063029351e-02
1.256886416853575383e-02
5.517487847259161526e-02
5.144331026523119021e-02
2.271762635026064459e-02
5.855065868878384094e-02
2.749979175451500168e-03
1.997292848350085137e-02
4.506328591260455596e-02
3.072176642806923041e-02
4.745820310739290449e-02
1.737373514635720539e-02
8.247272724585030801e-03
