1.295674989184485756e-04
1.376851006983605054e-04
1.407423230582392196e-04
1.708809150498724258e-04
1.406205674967413773e-04
1.341497823621056482e-04
1.360022975338123969e-04
1.489502122726129143e-04
1.317578114438900056e-04
1.584071180875646864e-04
1.387514008914197245e-04
1.250322325314231987e-04
1.439830632413663337e-04
1.347464135221501571e-04
1.219225467800178988e-04
1.444359585680656032e-04
1.391988251916473449e-04
1.476876785682694156e-04
1.580642698413014808e-04
1.542873165232152666e-04
1.348624102661040729e-04
1.349021957733570292e-04
1.272164823984975953e-04
1.787012595673815544e-04
1.658970359965729921e-04
1.485326954927658840e-04
1.366678616233921661e-04
1.647233805149760024e-04
1.237523807296134215e-04
1.281764910124533262e-04
1.377319467348742934e-04
1.398045733058543333e-04
1.667180103648655128e-04
1.407669350971468641e-04
1.273715825629542406e-04
1.343085465186384794e-04
1.266236054883217502e-04
1.396933333543013897e-04
1.491084013248099825e-04
