3.172593188652867724e+01 2.488892421642729147e+01 3.084865216161947643e+01 2.954107644784476250e+01 5.015869445610452715e+01 4.766855478980607330e+01 2.906271784822546778e+01 1.791660720503343285e+01 2.343731135406309463e+01 2.076506956074288013e+01
3.160696775654515989e+01 3.034284980105614338e+01 5.413243532345546072e+01 2.862496792097014264e+01 4.423339352397343305e+01 5.496024539966192890e+01 3.154572835899930894e+01 5.139579535651278519e+01 6.202219824648214086e+01 4.917061827002917340e+01
1.903213652253381838e+01 2.988129047657456283e+01 3.187788591972917729e+01 3.401540589387401070e+01 4.607444722196533604e+01 5.012842584095732690e+01 6.198819154191179592e+01 3.271781804830492746e+01 3.854204761655044109e+01 4.183785801767241708e+01
5.044395408644744805e+01 1.874096845639404307e+01 4.986979983283724494e+01 5.735048552266795951e+01 5.572606533730065337e+01 4.246010442527495599e+01 6.499235572151270901e+01 4.104106285721822900e+01 3.162039761542305527e+01 4.977881646455658426e+01
2.032633915966995630e+01 3.780857523962531985e+01 5.762302712696985196e+01 2.595284357309633094e+01 3.001518033171022282e+01 2.791956875846546282e+01 5.450499130342182497e+01 7.822561553299431125e+01 6.505490493043093636e+01 5.667275451202065994e+01
3.477562676809157693e+01 1.404971284918057428e+01 6.171997414284406602e+01 6.752916285693055443e+01 4.497044763376041487e+01 3.433114435265711251e+01 4.594664539338352682e+01 4.559658806104722828e+01 4.199203324106102286e+01 4.454396122644225642e+01
2.170627541820531903e+01 2.905234030994396477e+01 3.995267923970110502e+01 3.999375076151248720e+01 2.594049801243061637e+01 4.212362267963613505e+01 6.839257698202388269e+01 4.063604185893662191e+01 3.405992014829320880e+01 5.750762751383373939e+01
3.933692359680236450e+01 6.924967091789214635e+01 3.651673611105857731e+01 3.901618001207524600e+01 2.430920364456866523e+01 4.426244192055341387e+01 5.329287569569542882e+01 6.014115765589137652e+01 1.881839463660304901e+01 2.543874027382286584e+01
2.259371838354624629e+01 4.356054793440457473e+01 4.512160075731077313e+01 2.870223407152042938e+01 3.045280226410022806e+01 2.496614328106863212e+01 2.919910922425436084e+01 1.896022793625797220e+01 5.499330155228175698e+01 4.592645876583939213e+01
1.782463985750089108e+01 1.412794712431404953e+01 2.815588720358320884e+01 4.169462504148315674e+01 2.835165846480949980e+01 6.314542757060338118e+01 4.704661305037190289e+01 3.094736514043638920e+01 3.359928860552211205e+01 3.544157967315722146e+01
2.308773262195675713e+01 4.058064064776275615e+01 1.760965520560692354e+01 3.754193236806480627e+01 2.366280818827203447e+01 2.946362892438371972e+01 4.051983950352074970e+01 1.676971082167638016e+01 1.819149181204753418e+01 1.922941217697632865e+01
1.462343563518100709e+01 3.827422856174280241e+01 8.946177569653050909e+01 3.063108497302728850e+01 5.471667589612878402e+01 7.262764021720526841e+01 5.721488415043956621e+01 4.083347042257079806e+01 3.888384450423733085e+01 5.231681544790642846e+01
1.834372934376679609e+01 3.298680274824201319e+01 1.773596805368153184e+01 3.494855382180322323e+01 2.381452191656133621e+01 2.489529420794302439e+01 6.869821709344381588e+01 3.247871565146385109e+01 3.751436073211656463e+01 3.417426323650686015e+01
2.233667951411181107e+01 2.829498764586905324e+01 6.470916367317427387e+01 3.720415941939363336e+01 4.656779825395627626e+01 3.767659999819555594e+01 4.123436132323002568e+01 2.887521057212487463e+01 2.809888650316284497e+01 4.987404335566160540e+01
4.119563217696822477e+01 5.436683133225307785e+01 2.594701272294782513e+01 4.471942252778444526e+01 4.255601706012116381e+01 4.185686015298025353e+01 2.955296261874141805e+01 3.051669503095882874e+01 2.777282830143651537e+01 4.150367796916593477e+01
4.825581281437165870e+01 2.262638844797172410e+01 2.627738148617061142e+01 4.574390755640619943e+01 1.940326289276451632e+01 2.483777781167589183e+01 2.716544950462658647e+01 4.323800069558651415e+01 5.878795244335530157e+01 2.820791686859903535e+01
1.780622458438689648e+01 3.737042616064047706e+01 2.876408891117705835e+01 5.152484400280576438e+01 2.204503136643601735e+01 3.042183295436943880e+01 1.849988106070601646e+01 2.747305397846102082e+01 2.013060219765007730e+01 2.772704182618696223e+01
1.544817577843064527e+01 2.110367351083560195e+01 2.815703374215318888e+01 3.559636775703854994e+01 8.853111982779832090e+01 3.149512741419611572e+01 3.766725832468383572e+01 3.210887568737139475e+01 3.189272021861578921e+01 4.881516851605586282e+01
2.156333162526282621e+01 1.606694239740307140e+01 1.885968605971452661e+01 5.898741987478259574e+01 7.136399240684218626e+01 4.628447294600325534e+01 2.808177303851317674e+01 5.517346239790917650e+01 6.321840366673703926e+01 6.525592193925446338e+01
1.599696916313075867e+01 2.182243614256669417e+01 2.633708170071256660e+01 3.707524502714127834e+01 2.738701447249566812e+01 1.525995071882005050e+01 1.710390578981455789e+01 2.548965667025933257e+01 1.996881001491533780e+01 3.607089632698303205e+01
3.170287720155289435e+01 3.559008809785728999e+01 2.788199156715792526e+01 3.118335204312014497e+01 2.802592997480328307e+01 5.125727986663077473e+01 5.978806809708878944e+01 5.810022744761126745e+01 5.003798301180909647e+01 4.730697348241734090e+01
1.422508491208723846e+01 2.770417393263882389e+01 6.678690502462916356e+01 6.251459402099586526e+01 8.103738711684427187e+01 5.459422282019572492e+01 8.933663265342431714e+01 3.442584775290193733e+01 2.883464183423780014e+01 3.320944647495050361e+01
2.896237344694254290e+01 5.165191398758887686e+01 3.588218179722534984e+01 4.625669715948661320e+01 8.371003674069432066e+01 6.027052073373594965e+01 5.315896519576117640e+01 4.492977516420474160e+01 7.590372706653585055e+01 5.430624469868813975e+01
2.480352130705211877e+01 2.572284205805413038e+01 3.222224659693383586e+01 2.808552767708161113e+01 2.658577226078234901e+01 3.255138386895682601e+01 5.954064516256158868e+01 3.421005455757564562e+01 4.276125076254763258e+01 7.860702806082601057e+01
2.181204282021553809e+01 2.021030435739083231e+01 3.646414106334347593e+01 2.870936448081653580e+01 3.399970507088654159e+01 2.426149806255837049e+01 7.743060308488855981e+01 3.664891570803553122e+01 4.254893610916087709e+01 2.543378824280534189e+01
1.931181376581222864e+01 4.123888793211779813e+01 3.942236563781474956e+01 3.265310138325327927e+01 5.615189470584962805e+01 3.147554283152081922e+01 4.073909318189511453e+01 3.939033019464735474e+01 3.179311873779474951e+01 3.907272337680595342e+01
3.331123901485494088e+01 2.919191752594596423e+01 3.693861591389708821e+01 2.602589923384599047e+01 4.287891272024066325e+01 6.230797374928834387e+01 6.012983659252616064e+01 3.292652802884573759e+01 3.806467238221142679e+01 3.491005814781708239e+01
1.753571246157055086e+01 1.402855649327072030e+01 4.146175903306478716e+01 5.492864203986896854e+01 3.100057876465376339e+01 1.403129327678967364e+01 4.330310714705741759e+01 4.570833936692684318e+01 2.540003308955782302e+01 1.602517969007761423e+01
1.205232020501610002e+01 3.061980089757669177e+01 3.260474863169637416e+01 2.621161332930165599e+01 2.397533292933808369e+01 2.035727425409413271e+01 2.653289541762070769e+01 2.029015581964187831e+01 4.160339287186115342e+01 4.069048283642210606e+01
2.646828635267049634e+01 3.215157000281809729e+01 5.599734873208861075e+01 3.614246460635354197e+01 4.622172728147582887e+01 5.322733308223667592e+01 6.002418050535948879e+01 2.586970653861481750e+01 3.466995157275713524e+01 3.877360181613773449e+01
1.933557731150300540e+01 2.428411042715457313e+01 3.970992129067406751e+01 2.997900009819450418e+01 2.726284697353326081e+01 1.874550107463015891e+01 2.731291283004369674e+01 2.920084962594031097e+01 3.336313698273100670e+01 2.732700036661097798e+01
2.022196104543404971e+01 4.841195712297625420e+01 5.030385233160031788e+01 4.269112496612045504e+01 4.150379364943356819e+01 4.514633143421200856e+01 3.700648438159616660e+01 3.741005237229673952e+01 2.566353477165656116e+01 2.230959190204911025e+01
2.546053026625251192e+01 1.473700595101930233e+01 2.834069232373765956e+01 3.375459153938392376e+01 3.851049458139498682e+01 3.453388554004280309e+01 2.431711129748053324e+01 1.668592250119018061e+01 2.725778259991094288e+01 2.183159073838628217e+01
2.080934600806476453e+01 5.911986400103796946e+00 3.499931237669753159e+01 2.675915804144487353e+01 2.319465814123883263e+01 4.741779172222069150e+01 2.306620951631231264e+01 2.974431392060042612e+01 3.153569719469991028e+01 6.154980667638550074e+01
3.167230528320132521e+01 2.344115722049006578e+01 4.670188148251481408e+01 2.524888294752942741e+01 5.461298554273135153e+01 5.566559345486592036e+01 3.159351706201708510e+01 4.124686593669074597e+01 6.961921871509818516e+01 2.779325130462007110e+01
1.853464516101307424e+01 2.015239454446340872e+01 3.154639482976456932e+01 4.292131733083715517e+01 3.104863379627438391e+01 4.020677819005594955e+01 6.044775089429563764e+01 4.076340057342572010e+01 3.508680963177889822e+01 3.440418889219709087e+01
2.453513484088175289e+01 2.347532795540181993e+01 6.140230266943024162e+01 6.156318862768156208e+01 2.057694135103176336e+01 1.041782144404829182e+02 6.071102622048520914e+01 3.326296103696920170e+01 3.570732783052173431e+01 2.241315186913663737e+01
3.116858577325680102e+01 1.964710443490040248e+01 3.147030018840968424e+01 3.530673611845904958e+01 2.549553644864303692e+01 3.410380877977954839e+01 5.529616540806972580e+01 4.514103805654389845e+01 4.170374243245564827e+01 4.329774504464375440e+01
2.941317062325125065e+01 5.188073366916390228e+01 4.013057332039574732e+01 4.192298809606833032e+01 2.425384872085534127e+01 3.133930939738864652e+01 3.366299755389752590e+01 2.916102720033076068e+01 1.161859597509442033e+01 1.533465271387874651e+01
