# f	g
5.335314223263490918e-01 1.250990643795077961e+00
4.323568912706131639e-01 1.203235579936730471e+00
4.357565225876696702e-01 1.184519116052901166e+00
4.364167055022573627e-01 1.176656437321406568e+00
4.482680309479471492e-01 1.185696392686862000e+00
4.544673152229670721e-01 1.179740911766393952e+00
4.651554048332936508e-01 1.178085514072584772e+00
4.785881391050191280e-01 1.176461190710716087e+00
4.920310379492928710e-01 1.166554825388741445e+00
5.046636180089902890e-01 1.164362051505771989e+00
4.099844373086084515e-01 1.199307725186916196e+00
4.085342628358002992e-01 1.190626457422178541e+00
4.326227254977536019e-01 1.190837650728313601e+00
4.374442019846256358e-01 1.187750621022625408e+00
4.436237291072361866e-01 1.185440783571145351e+00
4.513529139704570703e-01 1.173683567089041313e+00
4.622767198007969314e-01 1.168725944168949704e+00
4.732498819295036796e-01 1.163006904425789578e+00
4.889901306322437802e-01 1.142480854540581570e+00
5.020079764795404298e-01 1.136222428326553846e+00
4.143269030455642987e-01 1.200503450779265568e+00
4.223658081662624575e-01 1.198127075769841454e+00
4.348016374072897205e-01 1.185673259049023542e+00
4.388538387661353735e-01 1.181307819173352147e+00
4.436245964833961941e-01 1.175149962484461685e+00
4.487267036468711168e-01 1.168699276532185749e+00
4.615308311833626331e-01 1.172476706064326191e+00
4.731108823686991927e-01 1.164084403916805899e+00
4.882359725899969582e-01 1.157746841386284808e+00
5.009518610913445968e-01 1.155061467790765350e+00
6.712648191223832272e-01 1.295032971716108205e+00
4.153027722612638306e-01 1.205017702811074010e+00
4.179968152752043808e-01 1.180780885540096303e+00
4.263426348441006764e-01 1.182263170141367059e+00
4.281289009289444003e-01 1.171766976556462225e+00
4.403097656208808108e-01 1.175132757192123734e+00
4.500701826504541758e-01 1.171634592658024276e+00
4.603531914525085256e-01 1.160459838757545548e+00
4.776577257542101163e-01 1.165014998139700664e+00
4.871277188646908063e-01 1.155270683351259375e+00
3.919561245427133911e-01 1.179929048656743973e+00
4.048401530569142870e-01 1.178500325599315834e+00
4.353771483209694648e-01 1.180329127017110791e+00
4.455992616978332044e-01 1.184169163068047093e+00
4.507531507467591458e-01 1.179073824224227129e+00
4.579874457735926829e-01 1.171956161727642831e+00
4.669282187376253557e-01 1.163922441539807284e+00
4.781971119295078121e-01 1.160861968368865904e+00
4.935231928084184982e-01 1.147335967572982840e+00
5.062537907679022231e-01 1.143198560349465875e+00
4.280468318822022722e-01 1.200947021145893689e+00
4.112605015004930364e-01 1.185699737650449004e+00
4.279031188165429156e-01 1.183999629076855964e+00
4.323724157395539280e-01 1.183937845621735319e+00
4.383516040502079547e-01 1.183335847919799511e+00
4.465249316188556472e-01 1.181375369967150535e+00
4.539379324325803489e-01 1.171179688250948425e+00
4.654848106824155951e-01 1.159580924466639740e+00
4.818571074371428842e-01 1.145115398416523878e+00
4.942128739749870880e-01 1.130401618475316283e+00
5.013158734667310101e-01 1.227730486162579959e+00
4.431405214541971893e-01 1.204157831695325642e+00
4.386221854275466625e-01 1.184150022824874693e+00
4.430829310009187783e-01 1.182091931911803506e+00
4.511426504622568778e-01 1.183305447967810009e+00
4.592376070132981880e-01 1.180632320390539336e+00
4.731808783423245290e-01 1.187042228709042524e+00
4.832868966917298614e-01 1.177131678154676786e+00
4.947773643298605251e-01 1.164763739476947668e+00
5.050767805219693596e-01 1.160322516682295690e+00
3.687504481395373901e-01 1.187817700323515080e+00
3.917537453812293124e-01 1.189457327043424106e+00
4.218276638385465849e-01 1.190940087969571737e+00
4.295443016204252284e-01 1.194390641521542173e+00
4.382366208660704587e-01 1.195526137449197224e+00
4.471172549254490702e-01 1.196928758155292316e+00
4.576856165479005201e-01 1.191969468906647123e+00
4.686602288782945047e-01 1.192181673309512968e+00
4.804064953188967313e-01 1.171271404041393183e+00
4.927069734102150766e-01 1.170596419628101792e+00
4.140933942591059069e-01 1.206273667104431402e+00
4.014296804599359336e-01 1.188891938149969407e+00
4.202849604691799579e-01 1.181917903313687956e+00
4.228216193313567017e-01 1.171361646132186962e+00
4.316239324088859131e-01 1.172874427482413440e+00
4.413614718204622589e-01 1.176168293774039419e+00
4.502110876834806152e-01 1.167236059665623271e+00
4.639099080921286755e-01 1.164915595369374168e+00
4.792006538886373623e-01 1.162180729999489959e+00
4.911084020735302369e-01 1.155610498739740866e+00
5.133905320674011508e-01 1.254883396078438906e+00
3.865575945764387900e-01 1.185243183447962645e+00
4.096675741731736209e-01 1.176843866361792390e+00
4.168673142281272836e-01 1.179513595880689270e+00
4.242091679888004840e-01 1.176665203026675988e+00
4.347768142181029360e-01 1.179320087818520379e+00
4.429926598115562775e-01 1.171961455712207778e+00
4.570517640053910480e-01 1.172658773396068721e+00
4.722330870286552407e-01 1.171407012449079854e+00
4.842532033618781040e-01 1.170431398041190452e+00
3.895485437823505426e-01 1.202100464241400379e+00
3.988515573843267048e-01 1.199571968701888203e+00
4.139240740101738369e-01 1.189109311320547313e+00
4.192548638663532445e-01 1.187019058668279170e+00
4.265762998100406933e-01 1.188890703520008474e+00
4.337306058368369244e-01 1.184378119319890121e+00
4.440076431533634960e-01 1.177750301014574452e+00
4.559835908168871632e-01 1.173484402169371110e+00
4.710520600356781773e-01 1.162827971741757338e+00
4.834712844664769693e-01 1.157721477787675646e+00
4.068768322449217711e-01 1.189525703582467120e+00
4.189644031163787807e-01 1.191279657283776050e+00
4.334335530353596866e-01 1.178724622177580894e+00
4.398956406367804939e-01 1.175165193155331300e+00
4.507235647988868110e-01 1.181463246011281498e+00
4.583369299043624223e-01 1.173152666760883367e+00
4.673013921288172168e-01 1.165152018547127799e+00
4.812281840154656876e-01 1.163721670783932627e+00
4.956598936159430924e-01 1.151553841919002119e+00
5.084983182775890675e-01 1.147206084290176786e+00
4.162795873977273020e-01 1.193351454751394147e+00
4.052406768667467518e-01 1.182424546036292989e+00
4.326070199808947914e-01 1.184970131918009040e+00
4.345402808617847557e-01 1.177177121010945404e+00
4.411379541229429879e-01 1.175112099740817095e+00
4.494305053192766963e-01 1.173427624200928054e+00
4.606214603846807698e-01 1.175286135627234163e+00
4.721415305227942283e-01 1.167527847980737832e+00
4.869410391702900243e-01 1.160456924636013465e+00
4.990165093917038885e-01 1.151457057453417088e+00
4.182541980586001462e-01 1.198743402457308482e+00
4.035845194290187399e-01 1.182214855298506118e+00
4.312048805652770600e-01 1.191176786205150773e+00
4.344455506031788539e-01 1.183639292296016610e+00
4.417971692684781182e-01 1.183065820880773389e+00
4.469345155604344533e-01 1.170478358833907162e+00
4.586375231016194820e-01 1.171793887770663289e+00
4.730706773761502726e-01 1.168025739335986968e+00
4.884554134362326105e-01 1.155277780078551197e+00
5.000074655601874918e-01 1.152382875406144702e+00
4.059207864131610388e-01 1.184188009064048641e+00
4.151218707756811899e-01 1.184276349943991669e+00
4.391857382964403089e-01 1.191792812090094467e+00
4.462097952982970739e-01 1.194640332963498031e+00
4.497601834639769480e-01 1.184952719958587197e+00
4.578022981658441126e-01 1.181697338648040274e+00
4.672466674378982776e-01 1.178142139308920644e+00
4.795119396242457643e-01 1.173170602135075402e+00
4.943240169018874863e-01 1.155603586245197878e+00
5.072007614472704429e-01 1.148740265355316703e+00
4.072365209931988472e-01 1.204295909241673179e+00
4.065322106384465228e-01 1.194906872348889815e+00
4.185923238432284754e-01 1.187092564896212732e+00
4.279368950020113194e-01 1.193298672016376072e+00
4.322753484033066140e-01 1.187078191346766065e+00
4.395541507687549809e-01 1.182607354515173848e+00
4.458306366875390836e-01 1.172080300694490651e+00
4.590830380978128122e-01 1.166450392191787255e+00
4.750379118243071574e-01 1.151898442389498234e+00
4.854331175673804455e-01 1.136444134966093422e+00
3.870380658862946910e-01 1.196374927992311266e+00
4.027245652474027438e-01 1.199188453290751522e+00
4.165745661488884366e-01 1.187619813580212957e+00
4.257781011602900234e-01 1.193660812398667836e+00
4.340040729821674770e-01 1.196385329579576773e+00
4.397865216110224962e-01 1.190385906540216032e+00
4.486461885676672479e-01 1.186892364829050583e+00
4.605616520546864101e-01 1.180610267748559261e+00
4.752175120196849289e-01 1.170750864465963659e+00
4.872777452099224527e-01 1.165034448554848501e+00
4.098196497453603371e-01 1.202040710597862105e+00
4.032101993563232956e-01 1.189410699158738982e+00
4.237012490532663378e-01 1.186848496425191080e+00
4.301907552018534031e-01 1.192687062536145204e+00
4.326185168239066736e-01 1.180441183191262899e+00
4.411322312137919144e-01 1.176322795935080157e+00
4.536144077834333155e-01 1.176822456976672981e+00
4.648163253578086462e-01 1.164313057553320263e+00
4.801316912233487000e-01 1.155263708099522946e+00
4.915717721268325624e-01 1.144911232086358588e+00
3.618405686567120472e-01 1.199072892349223984e+00
3.789127610218547271e-01 1.190334484722815223e+00
4.041006486182244228e-01 1.182795947957269389e+00
4.120668247453316280e-01 1.188367738860208744e+00
4.201926439490144549e-01 1.185598962126545031e+00
4.287078405045586238e-01 1.183527502642900853e+00
4.393218579247347155e-01 1.182575689656176765e+00
4.522718724062336770e-01 1.176584549038349081e+00
4.684085513135631262e-01 1.170098175160501741e+00
4.791149760277111369e-01 1.163152820810041010e+00
3.932127119503224799e-01 1.200735932667394978e+00
3.900838389189836275e-01 1.187756073564228743e+00
4.190829378470574684e-01 1.187611859101190159e+00
4.264037132766601013e-01 1.190530056221523747e+00
4.334701224751338344e-01 1.190421175041675550e+00
4.399510986470822616e-01 1.181305115324774668e+00
4.497033628142481088e-01 1.175781583805231234e+00
4.622594063546743848e-01 1.163193618002998697e+00
4.774705896475414102e-01 1.155546810817505987e+00
4.896651412409743775e-01 1.148964722911399949e+00
4.538646956262252785e-01 1.224804264033731993e+00
4.210717684765072355e-01 1.200852903794260351e+00
4.249634154055365043e-01 1.183771800919860118e+00
4.314466477729846372e-01 1.183215008218951647e+00
4.381020954669636591e-01 1.180918979108986244e+00
4.459914612943657319e-01 1.177813738149440903e+00
4.538404219685103769e-01 1.164684594850191823e+00
4.652318163469861267e-01 1.159169809891983149e+00
4.819326631517083515e-01 1.151285589204666282e+00
4.951137427639004662e-01 1.143172188327644445e+00
3.795213707045757001e-01 1.198903322759471424e+00
4.111035578844479677e-01 1.202757169588607900e+00
4.181812443850232430e-01 1.182266110371488210e+00
4.283971895448215883e-01 1.189352657660540658e+00
4.339672104223626925e-01 1.187287587343319517e+00
4.429929689011591898e-01 1.185176257065779781e+00
4.544670767983758908e-01 1.182204981998546289e+00
4.662632297010008142e-01 1.173064831060862234e+00
4.813153034236197225e-01 1.167960172587812373e+00
4.931079274160261594e-01 1.156711336300167980e+00
4.381256079145034454e-01 1.201621496292274438e+00
4.297898468636861535e-01 1.196577019474404979e+00
4.335581368627424714e-01 1.177532378514344114e+00
4.393176073881641108e-01 1.174509131869701184e+00
4.425862590776494798e-01 1.166996886856486837e+00
4.546902190630647822e-01 1.170541136365075063e+00
4.657241709765487792e-01 1.168209096042987616e+00
4.781995294009235287e-01 1.162255736119037097e+00
4.930995479136376924e-01 1.154508380014165558e+00
5.044697804121347495e-01 1.141126300896331047e+00
2.549090432587234889e-01 1.135451207585279398e+00
3.844998237377165173e-01 1.175089035099875723e+00
4.210509746354110239e-01 1.174470727329918418e+00
4.313972927230001475e-01 1.176710653614767121e+00
4.323413900800575638e-01 1.167675698713772636e+00
4.426603791224620332e-01 1.167580092972955175e+00
4.504590085659410659e-01 1.160993273592812569e+00
4.632501353858142212e-01 1.160179683095900138e+00
4.787153480131678407e-01 1.159263993717029928e+00
4.863607302055666382e-01 1.152082885157448500e+00
3.638930153411885082e-01 1.198263263020343361e+00
3.921976512802925474e-01 1.195978606532211774e+00
4.148674445304670888e-01 1.184850779856122749e+00
4.207978582954515767e-01 1.182674541057267215e+00
4.276871309089365081e-01 1.179705292752889934e+00
4.382507985638119941e-01 1.182595220448806161e+00
4.444300429577277001e-01 1.172255511662949612e+00
4.549274269017753447e-01 1.165965610348926207e+00
4.679837466462473672e-01 1.148878213721689079e+00
4.818345561760867812e-01 1.152088375249537444e+00
4.787848729949161219e-01 1.228257138586199337e+00
4.075121970922062076e-01 1.190714371324876675e+00
4.224168313657091778e-01 1.178821588628758077e+00
4.284378315021994954e-01 1.179085267314163632e+00
4.369103527349253446e-01 1.179928601751271788e+00
4.449579275413935164e-01 1.175804965177865258e+00
4.555426141854201361e-01 1.174632021572711293e+00
4.671992390301517584e-01 1.172508613439515512e+00
4.823163944176354634e-01 1.159069415105714151e+00
4.923869579995757695e-01 1.144984575049370568e+00
4.007478841260451730e-01 1.182147268704605292e+00
4.043290320550658179e-01 1.178234837223155917e+00
4.299960496186220338e-01 1.183404848169761436e+00
4.331188211867828541e-01 1.176778418529596193e+00
4.434241444913588071e-01 1.182377586854536755e+00
4.513943218729759566e-01 1.182544379104149224e+00
4.623409138149054409e-01 1.175977028558438553e+00
4.731454620978871040e-01 1.161197399662964092e+00
4.893008205544207567e-01 1.155238005415422320e+00
5.016330790242820026e-01 1.146616579852198781e+00
3.937476884281437273e-01 1.203711937381898966e+00
3.775201410106042710e-01 1.183448076588630160e+00
4.063200135064439777e-01 1.175885005273863415e+00
4.103800265790593649e-01 1.174517823961269691e+00
4.178490597462984346e-01 1.170907262296366103e+00
4.322927376399335886e-01 1.178091652716646731e+00
4.429918339100461511e-01 1.175809734805163931e+00
4.551333568842504396e-01 1.171401258506576726e+00
4.700232962049098462e-01 1.166883049643483439e+00
4.822411850481560514e-01 1.159513793936518988e+00
4.079752805280477124e-01 1.205432071133398342e+00
4.033333986055993026e-01 1.195540951312950906e+00
4.296226050743276459e-01 1.204746720816847860e+00
4.329792425027157998e-01 1.201039997836014450e+00
4.375590879867503613e-01 1.190178272272631066e+00
4.440040845884729026e-01 1.184498175563326372e+00
4.538514467216859805e-01 1.181142388295787438e+00
4.653558799898770415e-01 1.171555111634912327e+00
4.798227206652602161e-01 1.157691595919502436e+00
4.906539958184630290e-01 1.139007996623076169e+00
4.198566064942437781e-01 1.201051272795014446e+00
3.985083679850490723e-01 1.180653769063904512e+00
4.226061009961523118e-01 1.181435602223428027e+00
4.280752645141568946e-01 1.179206583037216038e+00
4.328056035593105255e-01 1.172929403091400813e+00
4.424425869736687833e-01 1.173546000273845369e+00
4.535556904954028412e-01 1.169466536714274696e+00
4.668908714208108712e-01 1.165492910876493315e+00
4.817428638591150225e-01 1.155269258055760639e+00
4.928147872185591472e-01 1.143725583415623914e+00
4.286575678129752598e-01 1.225818541817580876e+00
4.005815212229005273e-01 1.197457600902305241e+00
4.209937650384563690e-01 1.199488415224926108e+00
4.242519820043241241e-01 1.192797784141979456e+00
4.308273636690353459e-01 1.188188010667689865e+00
4.399672973070101190e-01 1.189619875683438188e+00
4.458071817513117874e-01 1.173265360709022653e+00
4.588390593230856629e-01 1.169341026541402817e+00
4.741593966132044979e-01 1.162923128600652056e+00
4.876125661530164024e-01 1.158305479056935816e+00
4.036724656649827714e-01 1.194947136697657397e+00
4.083641046199679159e-01 1.192771259839541909e+00
4.331720254440815099e-01 1.207886645916603996e+00
4.373299279575305065e-01 1.206114237084457086e+00
4.406235639053246445e-01 1.195923687303462657e+00
4.475858825810735131e-01 1.193360858507061861e+00
4.563366703761739251e-01 1.188562233057296247e+00
4.649496807827300793e-01 1.172200393673924923e+00
4.811937832214882582e-01 1.162692047730986111e+00
4.929594783744563613e-01 1.151850358597808599e+00
3.604186063397666340e-01 1.195339122409882604e+00
3.852220829142012359e-01 1.191635018311801630e+00
4.144196378112348644e-01 1.187846119883934071e+00
4.198733832006807942e-01 1.186638579412042871e+00
4.251945839090733870e-01 1.179548963135516715e+00
4.337919736418759942e-01 1.183122541232662916e+00
4.451953755214563824e-01 1.179688851775066549e+00
4.567968702331273168e-01 1.169740699200434886e+00
4.704801359889567158e-01 1.162695389286727554e+00
4.815302326593737248e-01 1.154820999591360753e+00
3.817635721231818491e-01 1.192067127434041307e+00
4.166022278784866084e-01 1.203468466276829352e+00
4.278517217132905559e-01 1.190171902839111784e+00
4.307782208829197823e-01 1.182577720564180090e+00
4.407429083276926951e-01 1.185569958981026017e+00
4.480984545821131704e-01 1.184160408518722507e+00
4.584928824945284087e-01 1.179493899167384008e+00
4.734405854245362089e-01 1.180056636172325479e+00
4.866608180891239255e-01 1.165434716322989450e+00
4.961208656963490005e-01 1.147769107641295472e+00
3.963875601509049273e-01 1.187707735883295257e+00
4.154432969438514034e-01 1.195312996180274867e+00
4.306552775902628971e-01 1.189769562902219580e+00
4.341746735395233259e-01 1.182778391433932264e+00
4.419052935651895941e-01 1.184654352319766790e+00
4.477489867884889008e-01 1.176167401015518088e+00
4.574323492281789916e-01 1.168484510830994472e+00
4.695346501107898196e-01 1.164279026779871495e+00
4.845922438558221135e-01 1.144968250988090075e+00
4.984312651482142864e-01 1.147798770195252782e+00
4.960111187513335240e-01 1.227726347065957624e+00
4.182406438038906993e-01 1.192440983144136490e+00
4.336625058273955724e-01 1.176192101911897270e+00
4.402132985641892815e-01 1.175057456841248404e+00
4.477540757564500984e-01 1.171906369002075010e+00
4.602331829872707281e-01 1.177919599575498744e+00
4.701006513404779041e-01 1.175991040141175725e+00
4.796172663535807068e-01 1.163064797531351946e+00
4.948088609812982819e-01 1.163109897723088482e+00
5.080192368246121415e-01 1.157124804159124221e+00
3.916202421209435403e-01 1.188540563327939337e+00
4.161647620519989821e-01 1.197378594909141780e+00
4.308757138429235578e-01 1.192781156086435645e+00
4.393567320699091061e-01 1.195852645356700883e+00
4.447855408424332690e-01 1.190474417394900675e+00
4.543165384362308767e-01 1.205952564544930716e+00
4.626045537025655907e-01 1.183658764665383334e+00
4.744982670133429670e-01 1.176214818220660874e+00
4.907986569695972912e-01 1.167159439888755701e+00
5.018816749307460912e-01 1.157469978767196261e+00
4.887480991028869681e-01 1.244596086398004786e+00
3.932187002759763295e-01 1.187188206809133284e+00
4.149779863499034049e-01 1.172447869888869398e+00
4.239482637933291165e-01 1.176595111981093345e+00
4.338061780469734674e-01 1.176683681528926995e+00
4.446805170245820005e-01 1.177954776184464203e+00
4.539704670208026260e-01 1.174399344116161314e+00
4.671729109040169137e-01 1.171056928213100701e+00
4.813289307950063822e-01 1.158206503665100362e+00
4.939446736580150876e-01 1.152319147903154484e+00
4.339424943056375272e-01 1.228198958307515687e+00
3.809032120070757754e-01 1.190733350389037604e+00
4.119152435575108018e-01 1.186550103776997878e+00
4.218326512081137514e-01 1.191450745011402912e+00
4.256763104173816870e-01 1.180930861492329731e+00
4.366699664039627726e-01 1.184738459134497157e+00
4.460307556753086988e-01 1.178863032550788059e+00
4.589569152898796411e-01 1.173234887809277094e+00
4.739619405582368161e-01 1.164881557643074439e+00
4.859587310574208230e-01 1.159491310921107132e+00
