# f0	f1	g0\g1
0.000000000000000000e+00 0.000000000000000000e+00 0.000000000000000000e+00 0.000000000000000000e+00
4.375701072167259009e-01 1.345623436681023799e-01 1.196815197719505841e+00 -1.964360866508440759e-02
4.349544551765905376e-01 1.394474646603904855e-01 1.185610768587380681e+00 -2.950568000759531614e-02
4.274155683586878807e-01 1.296086139671585868e-01 1.194132340238765355e+00 -4.220386813066080017e-02
4.418316315473300726e-01 1.397759089948982791e-01 1.185915273077830845e+00 -1.390345374675581482e-02
4.330257571622882495e-01 1.190902487418170480e-01 1.189709753870300535e+00 -1.918105485247794881e-03
4.428831380970210674e-01 1.412767004572367535e-01 1.189185465281082044e+00 -8.971173075409213417e-04
4.244372602764845959e-01 1.411748661376703573e-01 1.194183817574616668e+00 -2.765720580190518182e-02
4.259224100062254936e-01 1.333617622104187606e-01 1.189939268720532795e+00 -1.920688538092928457e-02
4.158729351546909259e-01 1.395935350940567810e-01 1.188438408738170304e+00 -3.360722575556428920e-02
4.170369758245145997e-01 1.363661857347811535e-01 1.194026657215856657e+00 -2.038794367993950613e-02
4.390012274984619323e-01 1.473768646378886826e-01 1.185036953205233612e+00 -1.689508131322157644e-02
4.332929337398183645e-01 1.393254048219008667e-01 1.184333495197241737e+00 -8.136893823003874329e-03
4.326684619877438909e-01 1.399088736326186411e-01 1.189155753196941223e+00 -3.420564988170374156e-03
4.438126207029252090e-01 1.302517358547905513e-01 1.195757433819481852e+00 8.823442764126094781e-03
4.220234568079725412e-01 1.270486590828509843e-01 1.187809176599174288e+00 -2.228409068490240161e-02
4.210546429225823228e-01 1.367645417923399331e-01 1.193250600854350418e+00 -1.933078903207788302e-02
4.273511509163137601e-01 1.301968627698473213e-01 1.192895261740423374e+00 -9.611755209339510608e-03
4.075265122598323297e-01 1.484284884381752712e-01 1.188922537695967119e+00 -3.766757850766586785e-02
4.220027220628587705e-01 1.402803899863156456e-01 1.190782419128480596e+00 -3.254105873159458123e-02
4.305469657657117755e-01 1.300892196244859966e-01 1.191012266277081677e+00 -1.967826149145816481e-02
4.236587262259134956e-01 1.444126589444142961e-01 1.194757514580218061e+00 -3.027045955783772349e-02
4.396472032057179846e-01 1.331686209647241770e-01 1.187192612870881181e+00 6.186874319894044606e-03
4.248973848567494382e-01 1.304460713638010416e-01 1.179314550452818411e+00 -5.560554124537811505e-02
4.195864560215599171e-01 1.369951287017952268e-01 1.192551823807140199e+00 -5.049015134572912289e-02
4.288072361720747794e-01 1.364342016010448577e-01 1.188052401146005632e+00 -1.216958064604901739e-02
4.329906363918046841e-01 1.440445423792492408e-01 1.185213811372665571e+00 4.707777188983200412e-03
4.091205944785031856e-01 1.520422167174334815e-01 1.182459336684066997e+00 -3.079129820697099063e-02
4.310224383074707788e-01 1.248961888143750587e-01 1.201921064770674619e+00 -1.049294173364109274e-02
4.263925454117583613e-01 1.374248111486923163e-01 1.185815256415622132e+00 -6.333760101045364695e-03
4.225746219253755376e-01 1.293655447677445613e-01 1.197748789870913377e+00 -2.730817536610502874e-02
4.331857948464937769e-01 1.162753525310705888e-01 1.199541753802625177e+00 -7.074162499955646485e-03
4.139543268013355926e-01 1.431284716720735151e-01 1.188560484227644931e+00 -4.828338306714424766e-02
4.306607956439802987e-01 1.413212032344823565e-01 1.193001856178581122e+00 -2.748931553051550333e-02
4.362412736587771844e-01 1.253677850580864062e-01 1.195551510920800364e+00 -9.948551932936472789e-03
4.413791414467108098e-01 1.414380356517204729e-01 1.186770026552573576e+00 -1.687316777779470853e-02
4.360543011115089462e-01 1.346979852624601015e-01 1.196715922637114460e+00 -1.040066005516594554e-02
4.242927203404697201e-01 1.490667279517488286e-01 1.188895696193668083e+00 -2.881984580923666744e-02
4.149619842548697979e-01 1.499616238005179458e-01 1.190501172723767986e+00 -3.170237962000303084e-02
