# f	g
3.770494437916056384e-03 6.153760690802641308e-04
9.974685939355168690e-05 7.460242602698212639e-05
1.160422916323060198e-05 3.567185819292703917e-05
6.819394456466752097e-06 3.194316060328394294e-05
6.873148158894259999e-06 3.599697004391602136e-05
5.924427771699540397e-06 2.990841854655522497e-05
6.185013168553356868e-06 4.113653338383057299e-05
5.018168989283627004e-06 3.719093356614959869e-05
6.722971421055488527e-06 3.057192742875074930e-05
6.369036427310896273e-06 4.158941685318595286e-05
3.613226729242275379e-04 1.609305493549103769e-04
3.221238307488424174e-05 4.569561462837740416e-05
7.152435775513423285e-06 4.666678568036838383e-05
7.321078981299821682e-06 4.544819255088252866e-05
5.728962131381188196e-06 5.067333819454047488e-05
6.667340054997246957e-06 5.145696638398506562e-05
6.060665672311796471e-06 5.312183177872788003e-05
7.265667630786204390e-06 5.702977173785423712e-05
8.341029192674878867e-06 5.280657349366046091e-05
1.092294825089418766e-05 5.242649673971583725e-05
4.218779847715964891e-03 8.453514971095879137e-04
1.449889832911778660e-04 9.542080230376363153e-05
1.794333162833590761e-05 3.829567403743358654e-05
9.593667162666972629e-06 3.442336748834357393e-05
8.179013403704140584e-06 2.973646338836521052e-05
8.031753338217196027e-06 3.128628452139172887e-05
6.738542567504697682e-06 3.885587938908841732e-05
5.795830655068865875e-06 3.732126174375881896e-05
5.942609593955939401e-06 4.436033249078191157e-05
6.512356653472709492e-06 4.254163514685664301e-05
3.201583268948431787e-02 1.679040927178526797e-03
2.071784801319544048e-04 1.028867481918974928e-04
2.594771427160014949e-05 5.749784253611484540e-05
1.750836221929488796e-05 5.772888493906046649e-05
1.352260448825572952e-05 4.439952305483505320e-05
1.035634990412085384e-05 4.505309709600307589e-05
7.516125732759036051e-06 4.084405781013790632e-05
8.300769054675021709e-06 4.688498726193152225e-05
6.293136560842977775e-06 5.095860097538624546e-05
6.555442646188249538e-06 4.886598519458486913e-05
1.398483161824110813e-03 3.720017771512472231e-04
1.001044847669952114e-04 8.470356000965720950e-05
1.106119769750964160e-05 3.404230271688858781e-05
8.874852829100113606e-06 3.711039612419623167e-05
8.326703742110168980e-06 3.785746324638184027e-05
7.108810246948087921e-06 3.427059931216569255e-05
6.742002407305268070e-06 4.382585815483350456e-05
5.415173521426977693e-06 4.959702077299972084e-05
7.104227593097116700e-06 4.052432934428287071e-05
6.971999974632919562e-06 5.179907048035149812e-05
4.723523500371768088e-04 1.727248329794687078e-04
3.057872378830917156e-05 4.408708719463816736e-05
5.860701652265659305e-06 4.109367748772331898e-05
5.684673640752883604e-06 4.689874160229432821e-05
4.284365722717668962e-06 4.180324604114065351e-05
4.593032121439261816e-06 4.009581036290173602e-05
5.170185570437636539e-06 4.500326238984605267e-05
5.166349512426072838e-06 6.090286831288891061e-05
6.046229425898316699e-06 6.157167701733308842e-05
7.542977099389627183e-06 7.177130233724756444e-05
4.224520010984856959e-03 6.567404950676647641e-04
1.440487985596219933e-04 7.956427828408076911e-05
1.485879228767642994e-05 3.648361982379006108e-05
1.055700314908779601e-05 3.473393565977527263e-05
9.408934035904724082e-06 3.722960591427325555e-05
8.703567775800404290e-06 3.656251342121793444e-05
6.929444715253698002e-06 3.693650117326818951e-05
7.119501664063273659e-06 3.115242856628511696e-05
6.881288503113407535e-06 4.541545017541723928e-05
6.828949302479021137e-06 5.083461089451971168e-05
2.127178488896472753e-03 6.464895998800029679e-04
9.144645639558066194e-05 9.081506006508402744e-05
1.006729196570303874e-05 3.691060020465157477e-05
8.057622655621010107e-06 3.651793475306911363e-05
6.882945851279225449e-06 3.419203981529670366e-05
5.448745415341914293e-06 4.669069170873070741e-05
5.827424229921871703e-06 4.250344290880411774e-05
5.234697718106031184e-06 4.424258238314414540e-05
7.102348364015650054e-06 5.302176459030084150e-05
9.025263393367335629e-06 4.619718105937751796e-05
6.774071656284678510e-04 2.639554249656962215e-04
4.482664305538151421e-05 5.704729735996866388e-05
8.016075520033698708e-06 3.523176860440343881e-05
7.713992003257089816e-06 4.456821368852448040e-05
5.204325186103932607e-06 5.137104970582323147e-05
5.226574902710436897e-06 4.887834833780259461e-05
5.122642168717495729e-06 5.381727490284263297e-05
5.528578337303151795e-06 5.953035669997325680e-05
6.596748089875642480e-06 6.217083934699065635e-05
7.502004162267232098e-06 6.815059266449498472e-05
1.142011743305895201e-02 1.241992783636021664e-03
2.306600062611020060e-04 1.408873941864046493e-04
1.723389091305251841e-05 4.090402343564757408e-05
9.353312520224981669e-06 3.476993951718477247e-05
1.040754021713688516e-05 3.852300340095235465e-05
5.841728462825080843e-06 2.858822550061695668e-05
4.924964907579717114e-06 3.713573351036357603e-05
5.903906309134142321e-06 4.385150723655215597e-05
5.437555044178220195e-06 4.788273620275357859e-05
4.759729077023761662e-06 5.190715901217114975e-05
1.047551348265203649e-03 3.246405848081283102e-04
6.071476292671264496e-05 6.244629157722085522e-05
7.159650175696870553e-06 2.968654279745563384e-05
6.826677269676216711e-06 3.267327964457482755e-05
5.996920422392610667e-06 3.944158226305440577e-05
5.732434394041598203e-06 4.098270841467245188e-05
5.596955945749764461e-06 4.290525158514605714e-05
5.215008568363726744e-06 5.281438330413917425e-05
6.328488547085228153e-06 5.474729881419081477e-05
5.947767603102790355e-06 4.831868843289392377e-05
6.553502990889805433e-04 2.328218722571606236e-04
5.641375485410893108e-05 6.608880415306170721e-05
8.798554592303614252e-06 3.286770914445650389e-05
6.922344516468057598e-06 3.582532881260149904e-05
6.922446348093816507e-06 3.968739321724838222e-05
6.162721957252591381e-06 4.185811339117561779e-05
6.561014277364172884e-06 5.043473112565451702e-05
5.306789439715305002e-06 4.474331898704482182e-05
6.281381493876495511e-06 4.435976388503671403e-05
6.575481240570154507e-06 5.523838140817263195e-05
1.399295621032589122e-03 3.547191050697311577e-04
7.513890053714902654e-05 6.388499121685431003e-05
1.095996926878739844e-05 3.351634270889849353e-05
8.816242042264886062e-06 3.245161434803655904e-05
6.688955690882200722e-06 3.709424403667288273e-05
5.160285075924516691e-06 3.782901360285946638e-05
5.544855122147942452e-06 3.940875352844385831e-05
5.489849042880688279e-06 3.874390900244829600e-05
6.434818155514527301e-06 4.598990241825387526e-05
6.880203413198711593e-06 5.548565990132716714e-05
5.967824495353415883e-04 2.033008094412393316e-04
4.532726796002231628e-05 5.973614483777486280e-05
9.533779202907568525e-06 4.263079106009421668e-05
7.711042066337946106e-06 5.339361409543975733e-05
6.097961801805398446e-06 4.520534435923832746e-05
5.576132537053782822e-06 5.085019195555687369e-05
6.347482212117403063e-06 4.492411863408805959e-05
7.231681399361012762e-06 5.428669997098994470e-05
9.252899182858632807e-06 5.671950285484296045e-05
9.304871180360233489e-06 4.611637002000158097e-05
3.216789893307777748e-04 1.481292501767325653e-04
3.245797632810022563e-05 5.475700942551703230e-05
5.864415027828580870e-06 3.514039322861211288e-05
5.808982883539748502e-06 3.828545063997333892e-05
4.676634171814066225e-06 4.066157027875789417e-05
4.939821462194625984e-06 4.076372900075721700e-05
5.182380321976049414e-06 4.818318937439659220e-05
4.868528879697088948e-06 5.423891678966931174e-05
6.425841848085865987e-06 6.336725290135555638e-05
7.515924715182881489e-06 6.198472861084148222e-05
7.495953360799575190e-04 2.779476601994571830e-04
3.931957270824479518e-05 4.613308324003418271e-05
8.375288462107695960e-06 4.060755690195152128e-05
7.336986539765040788e-06 4.620819005076399420e-05
7.455897711919226315e-06 5.005961966718288497e-05
6.453731756915387802e-06 5.958769971084496660e-05
7.501794224284264382e-06 5.595356574266254699e-05
6.364920066323846513e-06 6.815176074581195866e-05
7.981252929213799547e-06 6.262084535797760932e-05
9.646530074925514282e-06 6.152933561328111675e-05
1.636763486695736510e-03 5.036347197607213841e-04
6.747216422198320086e-05 5.977918342835044865e-05
1.016775533012859722e-05 3.604253124346195908e-05
9.021279196603457454e-06 3.397242525582002532e-05
6.421202328668577088e-06 3.172702295400954575e-05
5.303796672341578467e-06 3.663410958874050935e-05
6.421905267637643889e-06 2.481288852227855836e-05
6.133664943763690647e-06 3.989258436018233727e-05
6.536986731386266174e-06 4.868417764948224574e-05
6.978724066504432304e-06 4.493593676626539077e-05
8.276415044576707850e-04 2.658198276209506510e-04
4.865946437283641082e-05 6.560864710813197112e-05
9.475716254912265133e-06 4.406174864707435029e-05
7.112064585214681158e-06 4.462496191760927789e-05
6.536870926860673387e-06 4.137311101311861124e-05
6.069377336072330493e-06 4.373746968091233179e-05
6.459818390635977298e-06 4.315781269751616341e-05
6.664038856807747964e-06 4.811843569872603562e-05
7.400168406226608265e-06 4.995061551994854903e-05
7.757087565093716063e-06 4.955655386930272815e-05
5.522022688626315387e-03 1.156998372178638180e-03
1.572158318770786609e-04 1.123246976456462941e-04
1.703155220727669059e-05 5.036634275456307948e-05
1.270447922224804289e-05 4.966876051381212225e-05
8.901552059460286474e-06 4.187399863159177774e-05
8.813471133540488951e-06 3.309271161567720651e-05
6.703117928081978449e-06 4.869958693681030013e-05
7.397934311190694631e-06 5.595407464072642018e-05
6.243662128792544042e-06 4.539279710699057669e-05
7.973578194362759304e-06 4.970733453055324613e-05
1.562955246907368669e-03 4.324784701120633476e-04
7.194253224343439450e-05 6.876053899408624643e-05
1.273069539467697325e-05 3.882571823169487081e-05
8.844536109455254156e-06 3.969661630237803548e-05
6.619093587519212140e-06 5.140145100070687105e-05
7.572953743871326466e-06 4.332568615380508886e-05
6.200120809975386958e-06 4.394308904993299818e-05
5.544391806325465573e-06 5.678001368896322707e-05
7.602531825251663004e-06 5.423627943221463158e-05
7.574579297983730558e-06 6.038291065882915327e-05
1.051681494197341093e-03 2.927226322378016971e-04
6.655805238466169435e-05 6.504097969154139344e-05
6.867862863930241645e-06 3.142363533412481516e-05
5.319473112352344040e-06 3.657640901905621754e-05
5.612700874812120003e-06 3.525110689847991421e-05
4.374748975856753612e-06 4.088291713621353092e-05
4.401841054699058826e-06 3.659612487921831459e-05
4.862482259939144125e-06 3.926495728089544445e-05
6.561929663947257636e-06 5.039853713996655997e-05
5.130142384268455053e-06 6.035270134616414935e-05
1.788670082248023079e-03 5.073806053026257146e-04
1.061129262040243275e-04 8.760247300208441905e-05
1.148020734444395725e-05 3.875147641938515267e-05
7.632724086906445655e-06 3.952155238175808125e-05
7.294917509447782393e-06 3.507061712553435104e-05
5.812231901184316501e-06 5.076951224043701924e-05
5.915057921650401505e-06 4.494943309186809290e-05
6.770569615569889296e-06 4.772849910502454968e-05
5.734167984590613198e-06 4.594094877391527822e-05
7.570568496763498615e-06 5.533459531646825669e-05
4.653563619965601634e-04 1.653584638602702067e-04
4.763984239403719855e-05 6.394367089903818199e-05
7.401945420096085968e-06 3.174271856528620701e-05
6.605980505818575025e-06 3.327972001211541777e-05
4.265705114326735551e-06 3.502640011659063668e-05
5.118560112620188781e-06 3.368977734447677422e-05
4.663222695571703556e-06 4.215600508174994961e-05
6.511934799774742063e-06 4.970743455961268350e-05
6.154554399954360260e-06 5.152171688306587331e-05
7.308080348387795224e-06 6.324025387541898954e-05
2.287585873140957071e-02 4.449594014947703090e-03
6.021582928582757061e-04 2.074594692210418568e-04
4.708682857707934682e-05 5.001027221601361648e-05
2.879297257089480613e-05 4.213821605216170474e-05
1.895524457891216378e-05 3.640152951678582579e-05
1.741665130699998488e-05 4.121010593520060068e-05
1.649901410075083608e-05 3.654141086496218464e-05
9.951437457034323421e-06 4.024657547847363835e-05
1.023301959103029554e-05 3.844592353919404907e-05
7.703242885158170512e-06 3.758666751328442249e-05
6.456878939868402820e-03 1.399634194369486296e-03
2.329089811552045137e-04 1.307866272507457331e-04
1.920217656068930041e-05 3.804070185898398508e-05
1.319476806929040394e-05 4.266808742113936383e-05
1.059782045883253331e-05 3.583162369116258181e-05
1.048971917312217149e-05 3.813738538431568457e-05
7.145879875622315534e-06 4.360440742805559236e-05
5.989562392896781054e-06 4.076550231262304221e-05
6.831180343665616571e-06 3.870973347375276106e-05
7.878763130367171565e-06 3.804642180509682674e-05
4.579587233448530886e-03 8.110195027578971172e-04
8.667234106277092059e-05 7.657919662252342494e-05
1.360106568886931091e-05 4.632114045822182801e-05
8.340487159491254254e-06 3.861120267709566731e-05
7.372387619922240163e-06 4.248849989829676574e-05
5.821259673075095612e-06 4.696559870786412376e-05
8.100367628663936054e-06 5.673110183140515455e-05
6.091971425608679858e-06 5.761675859456766102e-05
6.257728693612690306e-06 5.437446728650641663e-05
6.945041101089703662e-06 4.748578510453770036e-05
4.404880645727421743e-04 1.792003008537122147e-04
3.418674953577094123e-05 4.373726892668323437e-05
7.169895824304531055e-06 4.444787168089152661e-05
7.451588033501075093e-06 4.580055904840706326e-05
5.904599520692845983e-06 3.480633769343532009e-05
5.082708032786366725e-06 4.994919943196230355e-05
5.644750183950649601e-06 5.797189329136619526e-05
7.095339576576267064e-06 5.179775274701777291e-05
7.148185775948125674e-06 5.158901055924128336e-05
9.119077927048418672e-06 6.702686957928470992e-05
3.572875386601088044e-03 7.636052917547842770e-04
1.168984976814295873e-04 8.359372908286985288e-05
1.345971650957252029e-05 4.375474694623696716e-05
1.079014395756016527e-05 3.939539219064544973e-05
7.370916038073070108e-06 3.615358861685862116e-05
6.642013544469021731e-06 4.417423935605827641e-05
6.051415682263053830e-06 3.614277482137383019e-05
5.347393944009193578e-06 3.801628320176082625e-05
5.198655618161420371e-06 5.805657352903135626e-05
5.908010092902919960e-06 5.572954618441255888e-05
2.244673448200691494e-04 1.077023207004594270e-04
2.694254539132255182e-05 4.332257318517171272e-05
6.930514531075154961e-06 4.561126905808347853e-05
6.648534292229622422e-06 4.357054599430268513e-05
5.807913815156653390e-06 5.922763694629404855e-05
5.030475016678140034e-06 5.418479481081106753e-05
6.224588376663356241e-06 5.684873250305421338e-05
7.806441424671324266e-06 5.954568891695562069e-05
8.440676685315221141e-06 6.630470561644676312e-05
9.268618457132680945e-06 6.927708705637389047e-05
3.726587512917805189e-04 1.607596540839883710e-04
3.116860290790909388e-05 4.853477694831709750e-05
6.088860394272051269e-06 4.030662006650932450e-05
5.856754911137367573e-06 3.782929027256862247e-05
5.347226362928711425e-06 5.538275779278257078e-05
6.100708701712576630e-06 5.369248088158670761e-05
5.920465653390041019e-06 4.747822666571216855e-05
6.164204748582928987e-06 5.523238323415914468e-05
6.521131838007115711e-06 5.405619520776556633e-05
8.762419617328358744e-06 6.507606636188518296e-05
9.259829079579999078e-04 3.068412007260622621e-04
6.570578331292942123e-05 6.699209403447721109e-05
6.200174991649434525e-06 3.712143833432396254e-05
5.130114500491600025e-06 4.341083405889971755e-05
6.419191841491100211e-06 5.024715221476875216e-05
5.399369532849906444e-06 4.538027664093292868e-05
4.623827808863652331e-06 4.637860027647985840e-05
6.104293883577763807e-06 5.267047176071908778e-05
6.992968175920707099e-06 5.596317210790288665e-05
6.539273693577676027e-06 5.824377804115122491e-05
3.862743997393239801e-04 1.670670168511646336e-04
3.768679609395757230e-05 5.259970463525629408e-05
7.557038106328029367e-06 4.746840260062538426e-05
6.241030664773597204e-06 5.205917093614897446e-05
6.279311522005399239e-06 4.758323176192994126e-05
6.869969862654291893e-06 5.428859841493876930e-05
5.120403607923432976e-06 6.869920959655464478e-05
7.912702363826897131e-06 5.716259280607684289e-05
8.486932559457075132e-06 6.559915118813455532e-05
8.331364380938845746e-06 8.145033808395628523e-05
9.374346255099015243e-03 1.991284674875619214e-03
1.713179943767120068e-04 1.045228026996525826e-04
1.451139795376532749e-05 3.744547254751221996e-05
1.361193270972521863e-05 4.183505515692885111e-05
8.791514556052064882e-06 5.035838589994925827e-05
7.345093542052473546e-06 3.359198621040680721e-05
5.743530968806938475e-06 4.344282528161319160e-05
6.822261224203494417e-06 5.390907463664490901e-05
6.221594727236998868e-06 5.070347933551993093e-05
6.585834211035900877e-06 4.411851182581758197e-05
1.313318539140420193e-03 3.966646783485484710e-04
8.571301191506840308e-05 7.021854266376500943e-05
1.174516723227113900e-05 3.676357103636679260e-05
8.681643100508078405e-06 3.850316841406960331e-05
6.756285692339013278e-06 3.594674860887971763e-05
6.263959406885233284e-06 4.064526045753675832e-05
5.757150053419663843e-06 3.727517337569495647e-05
5.623051706208551731e-06 4.270072950365723076e-05
7.254991081474695197e-06 5.096957345529360599e-05
7.099696239858068505e-06 4.830527646536467932e-05
7.214566797259065137e-04 2.602966562761778544e-04
5.719393676709849531e-05 5.425801324489132999e-05
8.811201531115676075e-06 3.721302090984318368e-05
6.536648757626501952e-06 3.680896762343700065e-05
5.948307458341089185e-06 3.351011085761235176e-05
6.151554226002820912e-06 4.194007791527931228e-05
5.896936623263392307e-06 5.015513650342249435e-05
7.448478382994852542e-06 4.330853434956036696e-05
6.468041883040728039e-06 4.888979499585703348e-05
6.672733196371563081e-06 4.616347899493514477e-05
7.113519705025919161e-03 1.099411401946155838e-03
1.315429490238321575e-04 8.114421129923644351e-05
1.568347253115653280e-05 3.227605074047355712e-05
1.135190383614360559e-05 3.736720889096053550e-05
8.721316840537877711e-06 3.966291793469879987e-05
8.310318565946628967e-06 3.926767255578622509e-05
8.071760555991955744e-06 3.484785961357606080e-05
6.805580463853633527e-06 3.832111292631545566e-05
6.182212567550518293e-06 3.706555887285853943e-05
5.945269690133164186e-06 4.937430220647653716e-05
3.812612615268500698e-04 1.778134968078921884e-04
3.105303626136141537e-05 4.509071480300511325e-05
6.864417133923869082e-06 3.186238154183684222e-05
6.881986871341678529e-06 3.976308049559915781e-05
5.908448901107946178e-06 4.100815538017226126e-05
4.279748992112958330e-06 3.290793956488973908e-05
5.120272479639311387e-06 4.401375024198299330e-05
5.669601961156870203e-06 5.683535802900785601e-05
7.072162305696919839e-06 5.528559899616200085e-05
9.307305534139906740e-06 4.109427301985407624e-05
5.108857767155423023e-03 7.352595135915647191e-04
1.243013532103730875e-04 9.666196813832597884e-05
1.324986169132576043e-05 3.232180179559922511e-05
1.020118708139781060e-05 3.146992687341382852e-05
8.001225128232984283e-06 3.386101675465921047e-05
7.013324072090777704e-06 3.212373053670863817e-05
6.435787876980806480e-06 3.946039884949246025e-05
7.235953783811699396e-06 5.463124051979558734e-05
7.152899845179320177e-06 5.902375548945645628e-05
8.697059460642300033e-06 4.668456208542546784e-05
7.472401796771742377e-03 1.063221185916906697e-03
1.345190212817291093e-04 1.152694565959365398e-04
1.312801498794131171e-05 4.213670119399786208e-05
1.028750426427964664e-05 3.698605644579249939e-05
8.711745153141884536e-06 4.207188343524922807e-05
7.260087491147908682e-06 4.175955988390244860e-05
5.740257184183256028e-06 5.321305465506538586e-05
5.113017815682080840e-06 4.314259792517114139e-05
7.232237207721673713e-06 4.254287423381953969e-05
7.682671252303389044e-06 4.515420241463309115e-05
