1.197401590732739551e+00
1.204132140383786131e+00
1.187518883616936805e+00
1.187520820510966857e+00
1.185824231267340600e+00
1.201310673777508109e+00
1.197546158518228765e+00
1.195310260904013600e+00
1.192637739609784031e+00
1.184677719448551603e+00
1.199807060753559806e+00
1.190208557126990474e+00
1.188885729233208455e+00
1.196966231907486744e+00
1.199643292836287678e+00
1.202284227817049356e+00
1.198474948105897830e+00
1.197424483857797206e+00
1.188842369687070466e+00
1.192495531330441949e+00
1.198302852212595804e+00
1.196805155873020610e+00
1.198018656775805990e+00
1.174508558332955976e+00
1.192023512602184310e+00
1.189624914708652836e+00
1.193470661100691776e+00
1.176681236885528836e+00
1.210517312715662541e+00
1.192613474854492761e+00
1.204732049856750864e+00
1.212217753632958805e+00
1.191906899208391213e+00
1.198856519661422482e+00
1.193568931621955542e+00
1.183458888733056824e+00
1.206415589512042974e+00
1.184824411692004364e+00
1.190333344754456402e+00
