1.552535296049078876e-05
1.509579113861640895e-05
1.524829545530673044e-05
2.022489077542229441e-05
1.616605993373639385e-05
1.296390061450247052e-05
1.625596747607541817e-05
1.750533833045686739e-05
1.574486601389676063e-05
1.801485720169094357e-05
1.433734912603300172e-05
1.435947878500420798e-05
1.542366526430696179e-05
1.567699800743395453e-05
1.412556689762607551e-05
1.509732659228062558e-05
1.592619685316623403e-05
1.642170764164760149e-05
2.083939108585440347e-05
1.664704291728129600e-05
1.431811830337971405e-05
1.777252103116005221e-05
1.399402526898009838e-05
1.947259477168621306e-05
1.889736888456242808e-05
1.732170326762211160e-05
1.425748526511026981e-05
1.727006319235837491e-05
1.438675827774838093e-05
1.548378203555433991e-05
1.596211242045216289e-05
1.557181343651933513e-05
1.769778260058120582e-05
1.565001839713719457e-05
1.500726172433163197e-05
1.439913671357710684e-05
1.519482083029319976e-05
1.672037937797787082e-05
1.763809431895272962e-05
