3.914146101950333125e-05
2.957272629155927423e-05
4.094215691114258955e-05
5.435022473482969025e-05
4.007248032990654436e-05
2.263747985288123600e-05
4.322140759877176973e-05
4.380151736155644433e-05
3.208987522615294930e-05
5.055651161174217644e-05
3.399512049439960305e-05
3.207808162879493728e-05
3.763840219048820355e-05
3.246021192160521439e-05
2.510931054120306630e-05
2.922122340680704140e-05
4.039765968151740592e-05
3.416272626304949888e-05
5.681387849455462116e-05
3.827703513407826352e-05
3.364370123918147788e-05
4.446081206655830309e-05
2.743748549233030281e-05
5.720106423713282833e-05
5.233681591694306002e-05
4.229709464329147297e-05
2.563601169060974653e-05
4.608329126427415260e-05
2.281292891175152246e-05
2.931435038351841739e-05
3.592364815048784503e-05
2.874661899892350125e-05
4.830019366721469961e-05
3.865829544158745585e-05
3.193841018204793925e-05
3.816669483012805877e-05
2.662148680930685621e-05
4.398832646000762006e-05
4.680220513505648720e-05
