-1.318555780241759123e-02
-2.229632378416512850e-02
1.416794292529477417e-02
1.234485002695695499e-02
-1.722622809385132570e-02
-3.152839574360166708e-02
4.326860999738890712e-03
-6.139508831729134641e-02
-3.055821212387455077e-02
-2.187749726847965093e-02
-2.423833678940212621e-02
-1.425158160568029686e-02
-3.126724220579646385e-02
-3.461777219143069573e-02
-6.415085126855979425e-02
-1.919560402390585452e-02
-3.850116901226829924e-02
-2.202271493650886924e-02
-1.608404213672098848e-02
-1.316583661947845485e-02
-1.604253099798835791e-03
-8.235725828642515012e-03
-2.108466142891529671e-02
1.812045986732968572e-02
3.173058863074018632e-02
-1.866919496193641947e-02
-5.454992676626257975e-02
-2.735312556458957545e-02
-4.337357061390001434e-02
-5.782628991549865205e-02
-2.733241166829047941e-02
-6.335461812354825639e-02
4.057911659240076574e-03
2.762384134899598109e-03
-1.886752968571281386e-02
-1.088106446853220888e-02
-4.763399403502210916e-02
-1.398010996790155502e-03
-6.380794502168996019e-03
