2.584745888615552398e-04
2.904500371823360259e-04
2.659874396368323911e-04
3.324871351874430711e-04
2.969399323317217787e-04
2.705077929527364760e-04
2.959616643348519081e-04
3.317654063093998951e-04
3.032684024070580174e-04
3.115231379025497501e-04
2.637275162743201199e-04
2.701044090493642737e-04
2.843855694488398706e-04
3.028495783577922137e-04
2.873259140104887730e-04
3.191160847691451932e-04
3.028386212636093944e-04
3.100437878504900603e-04
3.467594631274234875e-04
3.074968900236259642e-04
2.877910069109324074e-04
3.075571577416952177e-04
2.810261119652456984e-04
3.048787368186186685e-04
3.211229946771098492e-04
3.243349967002999998e-04
2.911357786749312667e-04
3.162302740951300289e-04
2.997076328478328624e-04
3.193446105211203640e-04
3.066398796890490788e-04
3.222585596751789401e-04
2.938399521709600826e-04
2.950070268876579696e-04
2.854205596628614527e-04
2.709073294981630478e-04
2.800519042997086480e-04
3.135556764098825075e-04
3.039354600784487776e-04
