9.452478121263375499e+00 1.169858018193489890e+01 1.931789967706037814e+01 1.897272479978320092e+01 3.780869195165951169e+01 3.988382283012263940e+01 2.059094787322604247e+01 1.209001371408699121e+01 2.754380782092019686e+01 2.425150025518437857e+01
1.632961451390810481e+01 1.100748521091481891e+01 2.214348991549966073e+01 7.761381752809764834e+00 2.400380327343059506e+01 4.061938892390426759e+01 2.620525384810941461e+01 3.785608134252181856e+01 6.134449724998814446e+01 6.214476184687396909e+01
8.424448634340292230e+00 2.063651178545768872e+01 2.073061845610903120e+01 2.264960036367339669e+01 3.472116466398023960e+01 2.173454031988866220e+01 4.809996721740305503e+01 1.671677810631511818e+01 2.311667537798397376e+01 3.053990404005342540e+01
2.297634425808240266e+01 7.966927925530121968e+00 2.099711871583647493e+01 1.273187808858606473e+01 1.730140611423502151e+01 2.052286934758815562e+01 4.263936704462307148e+01 2.627331946291289100e+01 1.375716134113280020e+01 2.263778097219097774e+01
1.403420154879538551e+01 1.081813395618161877e+01 4.181559091950743579e+01 2.231013649458553871e+01 1.243796809539167469e+01 1.040965441279218595e+01 2.087550425577620672e+01 5.632610958477964402e+01 3.462807534478184124e+01 2.499450897888137391e+01
3.227249378642715527e+01 1.446493469078854410e+01 5.955971203113188039e+01 6.639309885234034425e+01 4.907052302534649613e+01 4.479906235031825190e+01 4.041559373086169416e+01 4.544194671964548604e+01 3.975726524851585708e+01 4.677491643139964594e+01
1.431183332349488069e+01 2.474140632785576344e+01 4.101258009636067925e+01 3.903132976217414551e+01 3.460676747880841475e+01 4.935553326848628330e+01 8.351244289736682447e+01 5.745365587992807832e+01 4.573674043849698734e+01 5.563050774489087047e+01
1.821169638276004932e+01 5.719069386996871174e+01 2.371306399072063797e+01 2.660925761917623333e+01 1.158296004495318599e+01 2.417455472853445997e+01 4.893002007224847461e+01 4.530067108376246665e+01 1.746885912779480776e+01 2.378381520305851637e+01
2.134342588289717213e+01 3.409353661092954724e+01 5.598831551062039580e+01 4.410937509163666448e+01 4.077792614720801367e+01 3.291323872747228307e+01 3.565040048304208398e+01 2.985646003941803528e+01 6.189506200565189431e+01 4.443874930464314588e+01
1.214882170345367562e+01 5.316241603363316415e+00 9.457464637238068406e+00 2.789151796553030849e+01 1.903695388588834803e+01 6.095151105816165682e+01 3.846792330186142550e+01 3.268491003214671053e+01 4.847932525009993299e+01 5.877962639574075610e+01
1.355921872598394096e+01 2.220967504081786359e+01 9.752400281758671241e+00 1.897119423387607640e+01 1.741440334017373104e+01 2.001826930555643003e+01 3.763027508386376496e+01 1.630976296893872757e+01 2.662098560055222762e+01 2.551445441189340357e+01
7.992686405437352981e+00 2.634690170224062911e+01 6.143411660816330766e+01 1.512089859892651234e+01 3.337550527639975684e+01 4.151048063636342533e+01 2.725873894930464303e+01 2.063626757934685330e+01 1.195940984555841169e+01 2.179709081424719486e+01
4.542086317167638221e+00 1.668738000546615297e+01 1.200136246426478337e+01 1.505700995999069036e+01 8.864523053414721687e+00 4.786975987119724607e+00 5.709420573100356933e+01 2.447809756333494136e+01 1.736810256967921617e+01 3.222400593630796806e+01
1.488269810941561566e+01 2.044182964700292615e+01 5.118253406319633569e+01 1.805267079794765550e+01 4.091413005319476781e+01 3.603575067575719260e+01 3.805137570711242745e+01 2.877570633948852930e+01 3.703300762744599695e+01 5.600135816795122423e+01
1.253802707209311329e+01 9.344091381943727015e+00 9.085674464182480037e+00 1.620759290214619952e+01 1.061333306315490965e+01 1.734678420944772270e+01 1.843553233446881734e+01 2.327210610507913557e+01 1.535462226115400775e+01 2.274096915927045970e+01
4.214438439998566110e+01 1.169344275825435275e+01 2.262660207905674170e+01 3.867061647644737832e+01 1.562653482967102647e+01 1.546060250735691000e+01 2.195528282982076718e+01 3.044094706912965620e+01 5.915879867066887243e+01 3.422521057777947817e+01
2.102243598554483839e+01 3.562472612384423343e+01 3.021385749405364152e+01 5.126580573081410108e+01 4.703872436197343632e+01 4.390539720608369123e+01 3.559333483770176088e+01 3.728128420435442081e+01 2.954133164686656698e+01 4.025089405559563716e+01
2.160959263225777605e+01 1.347992718445912708e+01 1.870487672041486960e+01 2.492974044956331880e+01 3.279551873248106375e+01 2.375061686185568277e+01 2.501802186465203448e+01 1.475756932983314940e+01 1.895415874438472770e+01 3.495957900295711340e+01
2.802915456842554054e+00 7.203268714791670746e+00 8.568671140389771068e+00 4.596698404818423001e+01 5.251622899733578009e+01 3.664683492690271294e+01 1.640067729067041213e+01 3.692768577856524814e+01 2.959537587121160840e+01 2.314735462185710091e+01
1.024763071246730917e+01 1.114402174951248270e+01 1.999433681504629945e+01 3.228434314331323662e+01 2.488910948466120132e+01 1.371461432470419695e+01 1.324438931406202435e+01 1.370077656726862614e+01 9.420629742838732668e+00 2.783973218481150624e+01
2.072672657416720199e+01 2.710405084909537976e+01 2.010962511809915298e+01 1.221729391670175602e+01 9.983060686196314037e+00 3.393215492685430945e+01 3.145397139466930980e+01 3.622311865052613200e+01 3.187645381710182590e+01 3.831412242441505356e+01
8.986824944866304676e+00 1.398633829306420573e+01 1.684583941270036789e+01 4.070796135882607558e+01 6.122401424658485070e+01 3.927249788276434828e+01 6.131310338131979876e+01 1.113108100457548488e+01 1.404590853421082741e+01 2.933231568723280347e+01
1.524968475883244068e+01 4.514715712304468553e+01 1.115086056159855588e+01 2.432501319746634039e+01 4.029253913286516564e+01 1.813409563556452042e+01 1.452537701886350163e+01 2.686713755968919770e+01 4.389469964364100463e+01 3.883920857142523886e+01
7.962861488121532716e+00 1.224355409185830545e+01 2.275000299935349801e+01 1.303768097697578199e+01 1.111717726412902074e+01 1.314991666897331868e+01 3.252682177037966937e+01 6.960629640257574025e+00 5.782953731277972409e+00 2.338665572896385214e+01
8.081640922900888313e+00 9.381496381221394287e+00 1.983828323579315267e+01 1.304381345417412597e+01 2.544956932971766861e+01 2.402863169466612803e+01 6.066572428517356030e+01 1.998340989311716243e+01 2.931427030598268502e+01 1.080066459245794874e+01
1.490446658805583269e+01 3.371401705632823820e+01 1.695766617341712745e+01 1.761742986139975642e+01 3.692934801718762117e+01 1.573093184999974525e+01 2.646762957774954117e+01 2.880628782507395513e+01 2.393616335411719120e+01 3.413723532878321265e+01
1.224750765373730488e+01 1.050810638309604172e+01 2.644897522249175736e+01 1.645160684987527233e+01 3.662788439381616712e+01 5.998227330723995010e+01 5.789229609742884719e+01 2.897573584960245796e+01 3.069385892639338209e+01 2.270188392335189675e+01
1.574919936189832903e+01 1.593084220123787276e+01 4.065953409124730200e+01 5.884277669991782034e+01 3.890704067208267247e+01 1.574372440823697161e+01 4.028999341714030180e+01 4.120393289283995131e+01 2.387704536233292529e+01 2.210671101970707397e+01
8.955421857563134580e+00 2.325020705569905033e+01 4.913086906323891867e+01 3.840608143948011133e+01 3.052618518288031169e+01 2.795910889807859689e+01 3.426334953000922212e+01 3.118387851690984292e+01 3.921870639181337737e+01 5.022548123896245897e+01
3.570708697179426849e+01 2.392443953714526472e+01 5.994985016361957975e+01 3.558018738084751220e+01 5.611580496782234917e+01 5.429709999143996413e+01 5.158140586464121213e+01 3.388364109698007098e+01 5.417602152241662594e+01 5.697854435840791609e+01
8.778586036551256910e+00 7.308666497373663695e+00 3.694035389767590516e+01 2.166698916191177560e+01 2.032164140807278230e+01 1.540933303311581248e+01 1.974556879602919679e+01 2.784008136887668883e+01 2.773879331587057351e+01 2.572963441486604808e+01
7.108405214976441400e+00 3.763447599769320817e+01 4.257414541008434128e+01 3.579502556432931470e+01 3.649318242741808405e+01 3.615687425142800038e+01 3.687502563890210894e+01 4.665416192814284813e+01 3.209358372270330761e+01 2.971499525205929615e+01
1.112286910552196417e+01 1.111193308170751592e+01 1.371831659492507782e+01 2.446710728661215128e+01 3.291589869239304278e+01 3.701672040709883760e+01 2.517728972413869926e+01 8.351769517783351304e+00 1.614413260675117812e+01 1.836784625438775720e+01
5.516972238082095359e+00 5.282988391552050800e+00 2.668671852337383754e+01 1.097293545020083272e+01 1.950680479985767590e+01 3.390059748591116318e+01 1.681114191037230654e+01 1.817255375195765055e+01 1.674029440058124862e+01 5.095593861592724494e+01
3.372513589716923832e+01 1.148548740885589581e+01 3.574254029290259638e+01 1.058910112432165995e+01 3.518000498511653973e+01 2.623036873427547633e+01 2.014373954892404228e+01 3.019099736117274801e+01 6.664177100020545197e+01 2.586974885066217311e+01
2.553051941851993334e+01 3.585361695338432497e+01 1.996694007312454033e+01 3.618331560508501354e+01 2.020678378538847397e+01 2.514577645778210524e+01 2.769392240757770551e+01 1.151868447050041766e+01 2.263928502857677572e+01 3.472826253833206067e+01
1.605074735019155341e+01 2.317074035949892519e+01 5.727728486547672304e+01 6.893531379557401806e+01 1.721763626627399901e+01 1.795391139043684916e+02 5.645798530628007939e+01 2.809208525756454122e+01 2.646170505050855581e+01 1.675543716006891870e+01
1.882788787231158523e+01 1.043589741347038569e+01 2.175111921522222858e+01 2.010610277696039816e+01 3.563553268441129518e+00 6.115406243283862509e+00 2.757611727281304326e+01 1.854340238262980378e+01 8.168991509591608136e+00 1.314226271460427498e+01
2.016280119835608176e+01 4.951523053303338884e+01 3.112185553796488335e+01 4.100109086323478635e+01 2.486287073084543664e+01 3.167773269338339048e+01 2.372193831005452935e+01 3.136811615096866390e+01 2.367453028039482632e+01 2.670175493672432765e+01
